,date_valid,date_xp,expe,level,ech,biais_obs,eqm,Nb_bouees_tot,Nb_bouees_an,diff_Nb
0,,,,,,,,,,
1,02/08/22 00:00,02/08/22 00:00,GN84,-0.494025,0,-0.02143386861540143,0.9275630426129515,4778,455,4323
2,02/08/22 06:00,02/08/22 00:00,GN84,-0.494025,6,0.08897660467657689,0.9909926050363942,4679,446,4233
3,02/08/22 12:00,02/08/22 00:00,GN84,-0.494025,12,0.042913248701858274,1.044088962991226,4722,463,4259
4,02/08/22 18:00,02/08/22 00:00,GN84,-0.494025,18,-0.24907732896525214,1.0240800421637546,4673,462,4211
5,03/08/22 00:00,02/08/22 00:00,GN84,-0.494025,24,-0.041209013410387525,1.0501714650264893,4595,460,4135
6,03/08/22 06:00,02/08/22 00:00,GN84,-0.494025,30,0.11970108019213983,1.0769495843957233,4618,454,4164
7,03/08/22 12:00,02/08/22 00:00,GN84,-0.494025,36,0.06635682155823679,0.967905027640145,4559,455,4104
8,03/08/22 18:00,02/08/22 00:00,GN84,-0.494025,42,-0.2313040000380758,1.0010363129112732,4619,456,4163
9,04/08/22 00:00,02/08/22 00:00,GN84,-0.494025,48,-0.022036606584772467,0.9336048037227287,4644,464,4180
10,04/08/22 06:00,02/08/22 00:00,GN84,-0.494025,54,0.13631418140734608,0.962880992160606,4637,457,4180
11,04/08/22 12:00,02/08/22 00:00,GN84,-0.494025,60,0.02273205330157592,0.9572720720291975,4727,463,4264
12,04/08/22 18:00,02/08/22 00:00,GN84,-0.494025,66,-0.2577753339629396,1.1500028896076104,4745,464,4281
13,05/08/22 00:00,02/08/22 00:00,GN84,-0.494025,72,-0.020282498355783465,1.1316791515087603,4753,464,4289
14,05/08/22 06:00,02/08/22 00:00,GN84,-0.494025,78,0.10800937351949101,1.0723668047202304,4718,456,4262
15,05/08/22 12:00,02/08/22 00:00,GN84,-0.494025,84,0.03501886267775882,1.0027114894808764,4711,456,4255
16,05/08/22 18:00,02/08/22 00:00,GN84,-0.494025,90,-0.268259152372582,1.0526600864343623,4838,454,4384
17,06/08/22 00:00,02/08/22 00:00,GN84,-0.494025,96,-0.01721529975111192,1.1303319437709556,4781,457,4324
18,03/08/22 00:00,03/08/22 00:00,GN84,-0.494025,0,-0.07185232456433659,1.1220946750112555,4595,460,4135
19,03/08/22 06:00,03/08/22 00:00,GN84,-0.494025,6,0.09396519534738325,1.1412064473956443,4618,454,4164
20,03/08/22 12:00,03/08/22 00:00,GN84,-0.494025,12,0.04375433398228026,1.0332927000049728,4559,455,4104
21,03/08/22 18:00,03/08/22 00:00,GN84,-0.494025,18,-0.24688921334194933,1.0598343647147772,4619,456,4163
22,04/08/22 00:00,03/08/22 00:00,GN84,-0.494025,24,-0.04152318394852285,1.0017170932905035,4644,464,4180
23,04/08/22 06:00,03/08/22 00:00,GN84,-0.494025,30,0.11559180835007747,1.0231293396281094,4637,457,4180
24,04/08/22 12:00,03/08/22 00:00,GN84,-0.494025,36,-0.007929737510243135,1.0354688773693417,4727,463,4264
25,04/08/22 18:00,03/08/22 00:00,GN84,-0.494025,42,-0.29348021101693234,1.2222174805942394,4745,464,4281
26,05/08/22 00:00,03/08/22 00:00,GN84,-0.494025,48,-0.058901517257281155,1.19259075355249,4753,464,4289
27,05/08/22 06:00,03/08/22 00:00,GN84,-0.494025,54,0.07557262811041088,1.1281805713779087,4718,456,4262
28,05/08/22 12:00,03/08/22 00:00,GN84,-0.494025,60,-0.001082884699410227,1.0612276631113913,4711,456,4255
29,05/08/22 18:00,03/08/22 00:00,GN84,-0.494025,66,-0.3048414715327438,1.126171424143254,4838,454,4384
30,06/08/22 00:00,03/08/22 00:00,GN84,-0.494025,72,-0.04744417665640795,1.1820790832449004,4781,457,4324
31,06/08/22 06:00,03/08/22 00:00,GN84,-0.494025,78,0.10804848090661605,1.1933167022246525,4758,452,4306
32,06/08/22 12:00,03/08/22 00:00,GN84,-0.494025,84,0.021219630482344855,1.115700518370647,4774,452,4322
33,06/08/22 18:00,03/08/22 00:00,GN84,-0.494025,90,-0.2279112681051002,1.1068619291071402,4860,458,4402
34,07/08/22 00:00,03/08/22 00:00,GN84,-0.494025,96,-0.048834998585641366,1.0909277184023582,4770,461,4309
35,04/08/22 00:00,04/08/22 00:00,GN84,-0.494025,0,-0.020316654751098465,0.9839288226001277,4644,464,4180
36,04/08/22 06:00,04/08/22 00:00,GN84,-0.494025,6,0.14385537026979983,1.0129472939898343,4637,457,4180
37,04/08/22 12:00,04/08/22 00:00,GN84,-0.494025,12,0.02669312220997831,1.0252553075691575,4727,463,4264
38,04/08/22 18:00,04/08/22 00:00,GN84,-0.494025,18,-0.25744434777690967,1.2037895458957886,4745,464,4281
39,05/08/22 00:00,04/08/22 00:00,GN84,-0.494025,24,-0.02114148530661662,1.1841676343048761,4753,464,4289
40,05/08/22 06:00,04/08/22 00:00,GN84,-0.494025,30,0.1136767520389818,1.1235849305237546,4718,456,4262
41,05/08/22 12:00,04/08/22 00:00,GN84,-0.494025,36,0.03505514292724384,1.0610587259240012,4711,456,4255
42,05/08/22 18:00,04/08/22 00:00,GN84,-0.494025,42,-0.27485116544368027,1.121883299056199,4838,454,4384
43,06/08/22 00:00,04/08/22 00:00,GN84,-0.494025,48,-0.013564621821796517,1.185449958378598,4781,457,4324
44,06/08/22 06:00,04/08/22 00:00,GN84,-0.494025,54,0.13916077192280954,1.2038713420602254,4758,452,4306
45,06/08/22 12:00,04/08/22 00:00,GN84,-0.494025,60,0.054742870276451146,1.1182477509313296,4774,452,4322
46,06/08/22 18:00,04/08/22 00:00,GN84,-0.494025,66,-0.19380322228269045,1.0879992446054665,4860,458,4402
47,07/08/22 00:00,04/08/22 00:00,GN84,-0.494025,72,-0.014380468565718108,1.0728654479195363,4770,461,4309
48,07/08/22 06:00,04/08/22 00:00,GN84,-0.494025,78,0.07289095630702445,1.0962556390763223,4681,452,4229
49,07/08/22 12:00,04/08/22 00:00,GN84,-0.494025,84,0.02222001646927894,1.1352982228656616,4607,459,4148
50,07/08/22 18:00,04/08/22 00:00,GN84,-0.494025,90,-0.16030006050800522,1.100248809951995,4804,466,4338
51,08/08/22 00:00,04/08/22 00:00,GN84,-0.494025,96,0.0454424270906587,1.0567556454172835,4806,462,4344
52,05/08/22 00:00,05/08/22 00:00,GN84,-0.494025,0,0.01888926517307999,1.1458747321847584,4753,464,4289
53,05/08/22 06:00,05/08/22 00:00,GN84,-0.494025,6,0.15123749033248435,1.1039039318524961,4718,456,4262
54,05/08/22 12:00,05/08/22 00:00,GN84,-0.494025,12,0.07493146987157656,1.0480180221752546,4711,456,4255
55,05/08/22 18:00,05/08/22 00:00,GN84,-0.494025,18,-0.2320445749590123,1.0829048650408855,4838,454,4384
56,06/08/22 00:00,05/08/22 00:00,GN84,-0.494025,24,0.019849756882209073,1.1678652627606667,4781,457,4324
57,06/08/22 06:00,05/08/22 00:00,GN84,-0.494025,30,0.17617116450813883,1.1975529538745027,4758,452,4306
58,06/08/22 12:00,05/08/22 00:00,GN84,-0.494025,36,0.09166689452044738,1.1109110320315836,4774,452,4322
59,06/08/22 18:00,05/08/22 00:00,GN84,-0.494025,42,-0.15185442463080223,1.058329021593602,4860,458,4402
60,07/08/22 00:00,05/08/22 00:00,GN84,-0.494025,48,0.02625000709944225,1.0385746031353353,4770,461,4309
61,07/08/22 06:00,05/08/22 00:00,GN84,-0.494025,54,0.11109429430196312,1.0539844231508515,4681,452,4229
62,07/08/22 12:00,05/08/22 00:00,GN84,-0.494025,60,0.0632245005176943,1.1020724480738024,4607,459,4148
63,07/08/22 18:00,05/08/22 00:00,GN84,-0.494025,66,-0.12190176753363553,1.077544215541564,4804,466,4338
64,08/08/22 00:00,05/08/22 00:00,GN84,-0.494025,72,0.07809257541275703,1.02426693771268,4806,462,4344
65,08/08/22 06:00,05/08/22 00:00,GN84,-0.494025,78,0.22377308482803532,1.0843363187929844,4693,454,4239
66,08/08/22 12:00,05/08/22 00:00,GN84,-0.494025,84,0.11480116840584,1.1132459066082026,4609,462,4147
67,08/08/22 18:00,05/08/22 00:00,GN84,-0.494025,90,-0.10971841748316682,1.0385151489305098,4708,457,4251
68,09/08/22 00:00,05/08/22 00:00,GN84,-0.494025,96,0.08828723659509685,0.9671559484307416,4633,459,4174
69,06/08/22 00:00,06/08/22 00:00,GN84,-0.494025,0,-0.027311862441279817,1.1688533880667011,4781,457,4324
70,06/08/22 06:00,06/08/22 00:00,GN84,-0.494025,6,0.136824894514458,1.1850944518181352,4758,452,4306
71,06/08/22 12:00,06/08/22 00:00,GN84,-0.494025,12,0.05503347189988921,1.106232416296957,4774,452,4322
72,06/08/22 18:00,06/08/22 00:00,GN84,-0.494025,18,-0.19074940227879972,1.0631756065042028,4860,458,4402
73,07/08/22 00:00,06/08/22 00:00,GN84,-0.494025,24,-0.017000087090730896,1.0338626364526136,4770,461,4309
74,07/08/22 06:00,06/08/22 00:00,GN84,-0.494025,30,0.07636455305601524,1.0472032919649166,4681,452,4229
75,07/08/22 12:00,06/08/22 00:00,GN84,-0.494025,36,0.034399222714794335,1.0872941382104868,4607,459,4148
76,07/08/22 18:00,06/08/22 00:00,GN84,-0.494025,42,-0.15729413641599313,1.064888813785286,4804,466,4338
77,08/08/22 00:00,06/08/22 00:00,GN84,-0.494025,48,0.040820263620485575,1.0047948499909758,4806,462,4344
78,08/08/22 06:00,06/08/22 00:00,GN84,-0.494025,54,0.18817860591899088,1.0526355076822451,4693,454,4239
79,08/08/22 12:00,06/08/22 00:00,GN84,-0.494025,60,0.08400858499173404,1.0870982814589987,4609,462,4147
80,08/08/22 18:00,06/08/22 00:00,GN84,-0.494025,66,-0.14321107521464238,1.0280731461363366,4708,457,4251
81,09/08/22 00:00,06/08/22 00:00,GN84,-0.494025,72,0.05513723474043198,0.9507940981438118,4633,459,4174
82,09/08/22 06:00,06/08/22 00:00,GN84,-0.494025,78,0.1500783695755639,0.9767861660857382,4556,434,4122
83,09/08/22 12:00,06/08/22 00:00,GN84,-0.494025,84,0.10307620796915352,1.1335345656838558,4475,449,4026
84,09/08/22 18:00,06/08/22 00:00,GN84,-0.494025,90,-0.17371740292736693,1.0829766468407653,4487,454,4033
85,10/08/22 00:00,06/08/22 00:00,GN84,-0.494025,96,0.05710394873616629,0.8958155125327143,4481,432,4049
86,07/08/22 00:00,07/08/22 00:00,GN84,-0.494025,0,-0.04524523409318648,0.9945249057788481,4770,461,4309
87,07/08/22 06:00,07/08/22 00:00,GN84,-0.494025,6,0.050985319972843925,1.0147118143744627,4681,452,4229
88,07/08/22 12:00,07/08/22 00:00,GN84,-0.494025,12,0.007586011321318841,1.0546713644170131,4607,459,4148
89,07/08/22 18:00,07/08/22 00:00,GN84,-0.494025,18,-0.18014151167206854,1.0223963247813066,4804,466,4338
90,08/08/22 00:00,07/08/22 00:00,GN84,-0.494025,24,0.019675093861059426,0.9709012134322899,4806,462,4344
91,08/08/22 06:00,07/08/22 00:00,GN84,-0.494025,30,0.17271876737538025,1.0203172609030033,4693,454,4239
92,08/08/22 12:00,07/08/22 00:00,GN84,-0.494025,36,0.06971495220261832,1.0636351666482309,4609,462,4147
93,08/08/22 18:00,07/08/22 00:00,GN84,-0.494025,42,-0.16078648439638016,1.0023441596916878,4708,457,4251
94,09/08/22 00:00,07/08/22 00:00,GN84,-0.494025,48,0.0402367069446802,0.9200482813329913,4633,459,4174
95,09/08/22 06:00,07/08/22 00:00,GN84,-0.494025,54,0.13227984643558047,0.9640310044425185,4556,434,4122
96,09/08/22 12:00,07/08/22 00:00,GN84,-0.494025,60,0.08498913058026619,1.1089115786399169,4475,449,4026
97,09/08/22 18:00,07/08/22 00:00,GN84,-0.494025,66,-0.18839148603154943,1.0608099377955598,4487,454,4033
98,10/08/22 00:00,07/08/22 00:00,GN84,-0.494025,72,0.04316185275288745,0.9251920481701773,4481,432,4049
99,10/08/22 06:00,07/08/22 00:00,GN84,-0.494025,78,0.2441858419709484,1.0328239079466472,4482,449,4033
100,10/08/22 12:00,07/08/22 00:00,GN84,-0.494025,84,0.2097301920373977,1.1513481760550623,4587,468,4119
101,10/08/22 18:00,07/08/22 00:00,GN84,-0.494025,90,-0.05830167075375275,1.1320209750651962,4643,458,4185
102,11/08/22 00:00,07/08/22 00:00,GN84,-0.494025,96,0.26425806557208203,1.3642671564722921,4600,449,4151
103,08/08/22 00:00,08/08/22 00:00,GN84,-0.494025,0,-0.029103345129657975,0.967120389865339,4806,462,4344
104,08/08/22 06:00,08/08/22 00:00,GN84,-0.494025,6,0.1319476014887571,1.0245865258911724,4693,454,4239
105,08/08/22 12:00,08/08/22 00:00,GN84,-0.494025,12,0.036191965753400016,1.0676601322164787,4609,462,4147
106,08/08/22 18:00,08/08/22 00:00,GN84,-0.494025,18,-0.19643591792610532,1.010159749306422,4708,457,4251
107,09/08/22 00:00,08/08/22 00:00,GN84,-0.494025,24,0.004434911501881128,0.9345849306967753,4633,459,4174
108,09/08/22 06:00,08/08/22 00:00,GN84,-0.494025,30,0.09381078345020745,0.9803505245456473,4556,434,4122
109,09/08/22 12:00,08/08/22 00:00,GN84,-0.494025,36,0.049451805849303615,1.1141449472388127,4475,449,4026
110,09/08/22 18:00,08/08/22 00:00,GN84,-0.494025,42,-0.22833551183705078,1.0627157353860968,4487,454,4033
111,10/08/22 00:00,08/08/22 00:00,GN84,-0.494025,48,-0.00012432060816138744,0.9451705268563988,4481,432,4049
112,10/08/22 06:00,08/08/22 00:00,GN84,-0.494025,54,0.20805653264091886,1.046665743360132,4482,449,4033
113,10/08/22 12:00,08/08/22 00:00,GN84,-0.494025,60,0.17098725618149754,1.1512896490720153,4587,468,4119
114,10/08/22 18:00,08/08/22 00:00,GN84,-0.494025,66,-0.10026915752889298,1.1303494830643885,4643,458,4185
115,11/08/22 00:00,08/08/22 00:00,GN84,-0.494025,72,0.2241139164013006,1.369152444830187,4600,449,4151
116,11/08/22 06:00,08/08/22 00:00,GN84,-0.494025,78,0.32522466581392556,1.3320336475123309,4518,457,4061
117,11/08/22 12:00,08/08/22 00:00,GN84,-0.494025,84,0.20916015161768664,1.306234310493033,4603,457,4146
118,11/08/22 18:00,08/08/22 00:00,GN84,-0.494025,90,-0.09294277576491787,1.2204381649945564,4702,446,4256
119,12/08/22 00:00,08/08/22 00:00,GN84,-0.494025,96,0.17014786173993635,1.2316532858189921,4634,448,4186
120,09/08/22 00:00,09/08/22 00:00,GN84,-0.494025,0,-0.09911501186175727,0.9810593244271499,4633,459,4174
121,09/08/22 06:00,09/08/22 00:00,GN84,-0.494025,6,0.012640105083759014,0.995104927921862,4556,434,4122
122,09/08/22 12:00,09/08/22 00:00,GN84,-0.494025,12,-0.0355275373848425,1.1171223028980457,4475,449,4026
123,09/08/22 18:00,09/08/22 00:00,GN84,-0.494025,18,-0.3280796884095855,1.052904736769526,4487,454,4033
124,10/08/22 00:00,09/08/22 00:00,GN84,-0.494025,24,-0.08761067571749467,0.9105055247912356,4481,432,4049
125,10/08/22 06:00,09/08/22 00:00,GN84,-0.494025,30,0.1304739281447116,0.974832134827767,4482,449,4033
126,10/08/22 12:00,09/08/22 00:00,GN84,-0.494025,36,0.08494168791957205,1.0380760053841864,4587,468,4119
127,10/08/22 18:00,09/08/22 00:00,GN84,-0.494025,42,-0.1902451519885673,1.0248054854257502,4643,458,4185
128,11/08/22 00:00,09/08/22 00:00,GN84,-0.494025,48,0.14355055645196707,1.3193161660040165,4600,449,4151
129,11/08/22 06:00,09/08/22 00:00,GN84,-0.494025,54,0.23812261734579435,1.2548522232869024,4518,457,4061
130,11/08/22 12:00,09/08/22 00:00,GN84,-0.494025,60,0.12538495483245796,1.2323890112582319,4603,457,4146
131,11/08/22 18:00,09/08/22 00:00,GN84,-0.494025,66,-0.158580467140102,1.1551417557443862,4702,446,4256
132,12/08/22 00:00,09/08/22 00:00,GN84,-0.494025,72,0.10524606767115142,1.1726353994433467,4634,448,4186
133,12/08/22 06:00,09/08/22 00:00,GN84,-0.494025,78,0.21127249962599504,1.197557057151838,4612,445,4167
134,12/08/22 12:00,09/08/22 00:00,GN84,-0.494025,84,0.1590949124571239,1.331375543856572,4628,443,4185
135,12/08/22 18:00,09/08/22 00:00,GN84,-0.494025,90,-0.04691542964254631,1.3945512016997117,4776,451,4325
136,13/08/22 00:00,09/08/22 00:00,GN84,-0.494025,96,0.17415201354210477,1.3781411989384076,4784,463,4321
137,10/08/22 00:00,10/08/22 00:00,GN84,-0.494025,0,-0.16411826077628208,1.0222526081238779,4481,432,4049
138,10/08/22 06:00,10/08/22 00:00,GN84,-0.494025,6,0.06424196473324212,1.0462430127023274,4482,449,4033
139,10/08/22 12:00,10/08/22 00:00,GN84,-0.494025,12,0.012012254473888324,1.0803853693616234,4587,468,4119
140,10/08/22 18:00,10/08/22 00:00,GN84,-0.494025,18,-0.2533456610896946,1.0614580067637078,4643,458,4185
141,11/08/22 00:00,10/08/22 00:00,GN84,-0.494025,24,0.08619689908301292,1.3708827568067976,4600,449,4151
142,11/08/22 06:00,10/08/22 00:00,GN84,-0.494025,30,0.17745420137908313,1.2941978806183227,4518,457,4061
143,11/08/22 12:00,10/08/22 00:00,GN84,-0.494025,36,0.07038519466774677,1.2664447678355784,4603,457,4146
144,11/08/22 18:00,10/08/22 00:00,GN84,-0.494025,42,-0.20675135343894713,1.181625601770152,4702,446,4256
145,12/08/22 00:00,10/08/22 00:00,GN84,-0.494025,48,0.05594837942766608,1.2020982018916322,4634,448,4186
146,12/08/22 06:00,10/08/22 00:00,GN84,-0.494025,54,0.16158094482342664,1.2353713437631475,4612,445,4167
147,12/08/22 12:00,10/08/22 00:00,GN84,-0.494025,60,0.10998969560251931,1.3423535273266236,4628,443,4185
148,12/08/22 18:00,10/08/22 00:00,GN84,-0.494025,66,-0.10064969689289884,1.4115777679825179,4776,451,4325
149,13/08/22 00:00,10/08/22 00:00,GN84,-0.494025,72,0.12173356336042902,1.3983806655825881,4784,463,4321
150,13/08/22 06:00,10/08/22 00:00,GN84,-0.494025,78,0.24372783853458851,1.4649990038058307,4685,452,4233
151,13/08/22 12:00,10/08/22 00:00,GN84,-0.494025,84,0.19423358864605436,1.6073413673060892,4646,455,4191
152,13/08/22 18:00,10/08/22 00:00,GN84,-0.494025,90,-0.05911910851764964,1.4447086135458456,4722,456,4266
153,14/08/22 00:00,10/08/22 00:00,GN84,-0.494025,96,0.11258544928176799,1.3536055379488772,4729,460,4269
154,11/08/22 00:00,11/08/22 00:00,GN84,-0.494025,0,0.04257860887758685,1.4010984151944328,4600,449,4151
155,11/08/22 06:00,11/08/22 00:00,GN84,-0.494025,6,0.13497263368208148,1.3184908152283028,4518,457,4061
156,11/08/22 12:00,11/08/22 00:00,GN84,-0.494025,12,0.03614719775633227,1.2843592814929734,4603,457,4146
157,11/08/22 18:00,11/08/22 00:00,GN84,-0.494025,18,-0.2414383803433905,1.1825765461495754,4702,446,4256
158,12/08/22 00:00,11/08/22 00:00,GN84,-0.494025,24,0.020720685740768265,1.200259544745482,4634,448,4186
159,12/08/22 06:00,11/08/22 00:00,GN84,-0.494025,30,0.13449079569496256,1.25246329584352,4612,445,4167
160,12/08/22 12:00,11/08/22 00:00,GN84,-0.494025,36,0.07704724116577608,1.3453547495759757,4628,443,4185
161,12/08/22 18:00,11/08/22 00:00,GN84,-0.494025,42,-0.135883147244464,1.4024054490747961,4776,451,4325
162,13/08/22 00:00,11/08/22 00:00,GN84,-0.494025,48,0.08913155541520557,1.4070274092659172,4784,463,4321
163,13/08/22 06:00,11/08/22 00:00,GN84,-0.494025,54,0.22041893214043776,1.470697060265109,4685,452,4233
164,13/08/22 12:00,11/08/22 00:00,GN84,-0.494025,60,0.17020850538203158,1.6058114663395848,4646,455,4191
165,13/08/22 18:00,11/08/22 00:00,GN84,-0.494025,66,-0.08542596557176318,1.4347356807568399,4722,456,4266
166,14/08/22 00:00,11/08/22 00:00,GN84,-0.494025,72,0.08824186686421348,1.3563327307658386,4729,460,4269
167,14/08/22 06:00,11/08/22 00:00,GN84,-0.494025,78,0.2317729244505149,1.4421289141055458,4656,443,4213
168,14/08/22 12:00,11/08/22 00:00,GN84,-0.494025,84,0.07444746476565614,1.4842310013960804,4512,453,4059
169,14/08/22 18:00,11/08/22 00:00,GN84,-0.494025,90,-0.21424549215449093,1.3048041156005679,4597,447,4150
170,15/08/22 00:00,11/08/22 00:00,GN84,-0.494025,96,0.05717028015396838,1.2686285684796406,4589,450,4139
171,12/08/22 00:00,12/08/22 00:00,GN84,-0.494025,0,0.057701239925173765,1.196469931482219,4634,448,4186
172,12/08/22 06:00,12/08/22 00:00,GN84,-0.494025,6,0.1660471026641657,1.2428974403330706,4612,445,4167
173,12/08/22 12:00,12/08/22 00:00,GN84,-0.494025,12,0.11390186910431548,1.330993223769396,4628,443,4185
174,12/08/22 18:00,12/08/22 00:00,GN84,-0.494025,18,-0.095821838145198,1.3746958000813,4776,451,4325
175,13/08/22 00:00,12/08/22 00:00,GN84,-0.494025,24,0.1259812156992239,1.3752888611067315,4784,463,4321
176,13/08/22 06:00,12/08/22 00:00,GN84,-0.494025,30,0.2520877612402853,1.455777052982634,4685,452,4233
177,13/08/22 12:00,12/08/22 00:00,GN84,-0.494025,36,0.20366184275473745,1.6114820986434735,4646,455,4191
178,13/08/22 18:00,12/08/22 00:00,GN84,-0.494025,42,-0.047546624589189394,1.422680110797109,4722,456,4266
179,14/08/22 00:00,12/08/22 00:00,GN84,-0.494025,48,0.12671563502807726,1.3405156427153768,4729,460,4269
180,14/08/22 06:00,12/08/22 00:00,GN84,-0.494025,54,0.2645611880579041,1.4342725239900678,4656,443,4213
181,14/08/22 12:00,12/08/22 00:00,GN84,-0.494025,60,0.11155373812825516,1.4871945036874328,4512,453,4059
182,14/08/22 18:00,12/08/22 00:00,GN84,-0.494025,66,-0.18158743082576348,1.2915719303465776,4597,447,4150
183,15/08/22 00:00,12/08/22 00:00,GN84,-0.494025,72,0.09411083306381428,1.2559705012850493,4589,450,4139
184,15/08/22 06:00,12/08/22 00:00,GN84,-0.494025,78,0.2508065994610449,1.4888526534592361,4588,445,4143
185,15/08/22 12:00,12/08/22 00:00,GN84,-0.494025,84,0.18648286374440934,1.4250537732822435,4583,447,4136
186,15/08/22 18:00,12/08/22 00:00,GN84,-0.494025,90,-0.05455271613230624,1.4060220087843316,4591,448,4143
187,16/08/22 00:00,12/08/22 00:00,GN84,-0.494025,96,0.18941038004299873,1.398674588901564,4676,454,4222
188,13/08/22 00:00,13/08/22 00:00,GN84,-0.494025,0,0.18689964173268972,1.3278745232634306,4784,463,4321
189,13/08/22 06:00,13/08/22 00:00,GN84,-0.494025,6,0.31070715230002593,1.411881959976923,4685,452,4233
190,13/08/22 12:00,13/08/22 00:00,GN84,-0.494025,12,0.2590093126068269,1.5706822393019455,4646,455,4191
191,13/08/22 18:00,13/08/22 00:00,GN84,-0.494025,18,0.014214327240451456,1.3660420665917081,4722,456,4266
192,14/08/22 00:00,13/08/22 00:00,GN84,-0.494025,24,0.18582865204352336,1.2917213188764032,4729,460,4269
193,14/08/22 06:00,13/08/22 00:00,GN84,-0.494025,30,0.32333687750467227,1.3814522145162074,4656,443,4213
194,14/08/22 12:00,13/08/22 00:00,GN84,-0.494025,36,0.17374621686897646,1.4409943202278281,4512,453,4059
195,14/08/22 18:00,13/08/22 00:00,GN84,-0.494025,42,-0.11762572531719806,1.2362278967681264,4597,447,4150
196,15/08/22 00:00,13/08/22 00:00,GN84,-0.494025,48,0.15203645398337667,1.1949822690465062,4589,450,4139
197,15/08/22 06:00,13/08/22 00:00,GN84,-0.494025,54,0.305956852942247,1.433463839953934,4588,445,4143
198,15/08/22 12:00,13/08/22 00:00,GN84,-0.494025,60,0.24146968240023126,1.375223535411501,4583,447,4136
199,15/08/22 18:00,13/08/22 00:00,GN84,-0.494025,66,-0.0039282601357773055,1.3660851569865358,4591,448,4143
200,16/08/22 00:00,13/08/22 00:00,GN84,-0.494025,72,0.23547229590589014,1.346591626314336,4676,454,4222
201,16/08/22 06:00,13/08/22 00:00,GN84,-0.494025,78,0.39980330932848157,1.5059957005095015,4644,451,4193
202,16/08/22 12:00,13/08/22 00:00,GN84,-0.494025,84,0.3221578835871605,1.4237577842537483,4644,455,4189
203,16/08/22 18:00,13/08/22 00:00,GN84,-0.494025,90,0.12440400929369134,1.2440710644035002,4583,452,4131
204,17/08/22 00:00,13/08/22 00:00,GN84,-0.494025,96,0.32384234312900645,1.3155312481127193,4645,450,4195
205,14/08/22 00:00,14/08/22 00:00,GN84,-0.494025,0,0.17702405023955248,1.2598517845990065,4729,460,4269
206,14/08/22 06:00,14/08/22 00:00,GN84,-0.494025,6,0.3203594063057843,1.342116371049961,4656,443,4213
207,14/08/22 12:00,14/08/22 00:00,GN84,-0.494025,12,0.1718630296855496,1.394247759856603,4512,453,4059
208,14/08/22 18:00,14/08/22 00:00,GN84,-0.494025,18,-0.12209028497510835,1.1987531604879187,4597,447,4150
209,15/08/22 00:00,14/08/22 00:00,GN84,-0.494025,24,0.14432400153166286,1.1435495739405837,4589,450,4139
210,15/08/22 06:00,14/08/22 00:00,GN84,-0.494025,30,0.3025967426272121,1.384507465502636,4588,445,4143
211,15/08/22 12:00,14/08/22 00:00,GN84,-0.494025,36,0.2454290225568662,1.328271192185345,4583,447,4136
212,15/08/22 18:00,14/08/22 00:00,GN84,-0.494025,42,0.005863755084991243,1.329447644279651,4591,448,4143
213,16/08/22 00:00,14/08/22 00:00,GN84,-0.494025,48,0.24150740071377033,1.2984647916601089,4676,454,4222
214,16/08/22 06:00,14/08/22 00:00,GN84,-0.494025,54,0.4039601173893223,1.464995865551682,4644,451,4193
215,16/08/22 12:00,14/08/22 00:00,GN84,-0.494025,60,0.32893319865516335,1.3753925373996116,4644,455,4189
216,16/08/22 18:00,14/08/22 00:00,GN84,-0.494025,66,0.13584648618448172,1.2217004510194742,4583,452,4131
217,17/08/22 00:00,14/08/22 00:00,GN84,-0.494025,72,0.32666139496143487,1.2835523599002534,4645,450,4195
218,17/08/22 06:00,14/08/22 00:00,GN84,-0.494025,78,0.44057554697432366,1.46505603726176,4682,451,4231
219,17/08/22 12:00,14/08/22 00:00,GN84,-0.494025,84,0.40435754507032234,1.4222963880572086,4559,450,4109
220,17/08/22 18:00,14/08/22 00:00,GN84,-0.494025,90,0.2133437412034805,1.2918287438711489,4745,457,4288
221,18/08/22 00:00,14/08/22 00:00,GN84,-0.494025,96,0.40667467070932756,1.4150981376058345,4715,452,4263
222,15/08/22 00:00,15/08/22 00:00,GN84,-0.494025,0,0.14566016204523963,1.0930719242387694,4589,450,4139
223,15/08/22 06:00,15/08/22 00:00,GN84,-0.494025,6,0.30974602474419466,1.3184490902687527,4588,445,4143
224,15/08/22 12:00,15/08/22 00:00,GN84,-0.494025,12,0.26135469797648203,1.263639932105496,4583,447,4136
225,15/08/22 18:00,15/08/22 00:00,GN84,-0.494025,18,0.023953505570380704,1.2773071913604161,4591,448,4143
226,16/08/22 00:00,15/08/22 00:00,GN84,-0.494025,24,0.2650122453520791,1.2406467752864752,4676,454,4222
227,16/08/22 06:00,15/08/22 00:00,GN84,-0.494025,30,0.42630801520782635,1.3956372288288554,4644,451,4193
228,16/08/22 12:00,15/08/22 00:00,GN84,-0.494025,36,0.35017256629027627,1.311170024633738,4644,455,4189
229,16/08/22 18:00,15/08/22 00:00,GN84,-0.494025,42,0.15896882091906614,1.180432805751471,4583,452,4131
230,17/08/22 00:00,15/08/22 00:00,GN84,-0.494025,48,0.35082757134103054,1.2292865427418942,4645,450,4195
231,17/08/22 06:00,15/08/22 00:00,GN84,-0.494025,54,0.47093024966986263,1.411181727181333,4682,451,4231
232,17/08/22 12:00,15/08/22 00:00,GN84,-0.494025,60,0.4311891261932206,1.3621782739180543,4559,450,4109
233,17/08/22 18:00,15/08/22 00:00,GN84,-0.494025,66,0.23865317614736847,1.2370360291999325,4745,457,4288
234,18/08/22 00:00,15/08/22 00:00,GN84,-0.494025,72,0.4371394586435691,1.3430749704414116,4715,452,4263
235,18/08/22 06:00,15/08/22 00:00,GN84,-0.494025,78,0.5212663638944944,1.451771665847122,4673,451,4222
236,18/08/22 12:00,15/08/22 00:00,GN84,-0.494025,84,0.45916080638640816,1.379118165662713,4581,454,4127
237,18/08/22 18:00,15/08/22 00:00,GN84,-0.494025,90,0.17408904344909457,1.1960849162649871,4724,458,4266
238,19/08/22 00:00,15/08/22 00:00,GN84,-0.494025,96,0.3028009516034057,1.1359938397051765,4594,455,4139
239,16/08/22 00:00,16/08/22 00:00,GN84,-0.494025,0,0.25896917033390965,1.2009954762937751,4676,454,4222
240,16/08/22 06:00,16/08/22 00:00,GN84,-0.494025,6,0.4240296372958541,1.351762001408466,4644,451,4193
241,16/08/22 12:00,16/08/22 00:00,GN84,-0.494025,12,0.35283697003483305,1.275364448422798,4644,455,4189
242,16/08/22 18:00,16/08/22 00:00,GN84,-0.494025,18,0.16598291544383864,1.1423688805932926,4583,452,4131
243,17/08/22 00:00,16/08/22 00:00,GN84,-0.494025,24,0.3671504748155346,1.1887448799724722,4645,450,4195
244,17/08/22 06:00,16/08/22 00:00,GN84,-0.494025,30,0.481869001775883,1.3697928747905475,4682,451,4231
245,17/08/22 12:00,16/08/22 00:00,GN84,-0.494025,36,0.45481574337210817,1.3283076520530936,4559,450,4109
246,17/08/22 18:00,16/08/22 00:00,GN84,-0.494025,42,0.2693947106248671,1.2006400975524405,4745,457,4288
247,18/08/22 00:00,16/08/22 00:00,GN84,-0.494025,48,0.4736348980607637,1.299222406318822,4715,452,4263
248,18/08/22 06:00,16/08/22 00:00,GN84,-0.494025,54,0.550923726418281,1.4187517110025554,4673,451,4222
249,18/08/22 12:00,16/08/22 00:00,GN84,-0.494025,60,0.48837550950214625,1.3467520019783714,4581,454,4127
250,18/08/22 18:00,16/08/22 00:00,GN84,-0.494025,66,0.20951659906121478,1.1529195273888229,4724,458,4266
251,19/08/22 00:00,16/08/22 00:00,GN84,-0.494025,72,0.34064149698278934,1.0840714764954764,4594,455,4139
252,19/08/22 06:00,16/08/22 00:00,GN84,-0.494025,78,0.4495761495530868,1.2375104181407681,4629,441,4188
253,19/08/22 12:00,16/08/22 00:00,GN84,-0.494025,84,0.37754984142272996,1.15227890751089,4675,458,4217
254,19/08/22 18:00,16/08/22 00:00,GN84,-0.494025,90,0.07196841960776044,1.2419080796013702,4844,463,4381
255,20/08/22 00:00,16/08/22 00:00,GN84,-0.494025,96,0.27658774004576125,1.1566460557561387,4774,461,4313
256,17/08/22 00:00,17/08/22 00:00,GN84,-0.494025,0,0.312673771208996,1.1923574137639257,4645,450,4195
257,17/08/22 06:00,17/08/22 00:00,GN84,-0.494025,6,0.4300481151464583,1.3769038782446044,4682,451,4231
258,17/08/22 12:00,17/08/22 00:00,GN84,-0.494025,12,0.40890674961516277,1.3397087317302891,4559,450,4109
259,17/08/22 18:00,17/08/22 00:00,GN84,-0.494025,18,0.2177707691871017,1.2308565899974726,4745,457,4288
260,18/08/22 00:00,17/08/22 00:00,GN84,-0.494025,24,0.4196484285386462,1.3244721294896034,4715,452,4263
261,18/08/22 06:00,17/08/22 00:00,GN84,-0.494025,30,0.5099695560592626,1.4313308500768878,4673,451,4222
262,18/08/22 12:00,17/08/22 00:00,GN84,-0.494025,36,0.4397332570854859,1.3656315959659895,4581,454,4127
263,18/08/22 18:00,17/08/22 00:00,GN84,-0.494025,42,0.16218902315618958,1.1527165428845525,4724,458,4266
264,19/08/22 00:00,17/08/22 00:00,GN84,-0.494025,48,0.3011757146329544,1.0829236456294669,4594,455,4139
265,19/08/22 06:00,17/08/22 00:00,GN84,-0.494025,54,0.41112339558452127,1.2376368651836855,4629,441,4188
266,19/08/22 12:00,17/08/22 00:00,GN84,-0.494025,60,0.33874458745525093,1.1585447184182738,4675,458,4217
267,19/08/22 18:00,17/08/22 00:00,GN84,-0.494025,66,0.04124012239503728,1.2231710570462473,4844,463,4381
268,20/08/22 00:00,17/08/22 00:00,GN84,-0.494025,72,0.2428959893646726,1.1473112561373882,4774,461,4313
269,20/08/22 06:00,17/08/22 00:00,GN84,-0.494025,78,0.35028864416280886,1.1792942520908813,4768,457,4311
270,20/08/22 12:00,17/08/22 00:00,GN84,-0.494025,84,0.25658701382134824,1.1837131889626256,4651,461,4190
271,20/08/22 18:00,17/08/22 00:00,GN84,-0.494025,90,-0.08970004132078202,1.1055217582069796,4762,455,4307
272,21/08/22 00:00,17/08/22 00:00,GN84,-0.494025,96,0.11671329815594648,0.9824202124051532,4795,456,4339
273,18/08/22 00:00,18/08/22 00:00,GN84,-0.494025,0,0.3285293568856327,1.3051690768685338,4715,452,4263
274,18/08/22 06:00,18/08/22 00:00,GN84,-0.494025,6,0.41961502569899334,1.413758676097688,4673,451,4222
275,18/08/22 12:00,18/08/22 00:00,GN84,-0.494025,12,0.35122188369493557,1.3431439285055349,4581,454,4127
276,18/08/22 18:00,18/08/22 00:00,GN84,-0.494025,18,0.0689895658806464,1.1366109245015952,4724,458,4266
277,19/08/22 00:00,18/08/22 00:00,GN84,-0.494025,24,0.21602444295516193,1.0764801514408275,4594,455,4139
278,19/08/22 06:00,18/08/22 00:00,GN84,-0.494025,30,0.3271359535605985,1.2212585086710699,4629,441,4188
279,19/08/22 12:00,18/08/22 00:00,GN84,-0.494025,36,0.2503691580291127,1.1536824758393776,4675,458,4217
280,19/08/22 18:00,18/08/22 00:00,GN84,-0.494025,42,-0.04788790481365099,1.249309526467279,4844,463,4381
281,20/08/22 00:00,18/08/22 00:00,GN84,-0.494025,48,0.16274790444547488,1.1573570064668075,4774,461,4313
282,20/08/22 06:00,18/08/22 00:00,GN84,-0.494025,54,0.2648535148798304,1.1775974507235638,4768,457,4311
283,20/08/22 12:00,18/08/22 00:00,GN84,-0.494025,60,0.16894053863628072,1.1978971352860148,4651,461,4190
284,20/08/22 18:00,18/08/22 00:00,GN84,-0.494025,66,-0.16540472408835907,1.1275428343125007,4762,455,4307
285,21/08/22 00:00,18/08/22 00:00,GN84,-0.494025,72,0.05366865273625602,0.9871501619766211,4795,456,4339
286,21/08/22 06:00,18/08/22 00:00,GN84,-0.494025,78,0.16268300030214147,1.0368484246785632,4638,460,4178
287,21/08/22 12:00,18/08/22 00:00,GN84,-0.494025,84,0.10363433370084767,1.040601540998703,4636,457,4179
288,21/08/22 18:00,18/08/22 00:00,GN84,-0.494025,90,-0.10617438597906836,0.9606968632938171,4744,457,4287
289,22/08/22 00:00,18/08/22 00:00,GN84,-0.494025,96,0.09217182361892377,1.0662082938771504,4692,459,4233
290,19/08/22 00:00,19/08/22 00:00,GN84,-0.494025,0,0.10051096712040908,1.0309011536271597,4594,455,4139
291,19/08/22 06:00,19/08/22 00:00,GN84,-0.494025,6,0.22049945115200925,1.1719933677246355,4629,441,4188
292,19/08/22 12:00,19/08/22 00:00,GN84,-0.494025,12,0.1481669637171549,1.098770763300692,4675,458,4217
293,19/08/22 18:00,19/08/22 00:00,GN84,-0.494025,18,-0.1469966511601985,1.224394484706053,4844,463,4381
294,20/08/22 00:00,19/08/22 00:00,GN84,-0.494025,24,0.0611571809285408,1.1165347567383386,4774,461,4313
295,20/08/22 06:00,19/08/22 00:00,GN84,-0.494025,30,0.1621262153984331,1.1256052024214835,4768,457,4311
296,20/08/22 12:00,19/08/22 00:00,GN84,-0.494025,36,0.06653247320484185,1.1541309194419613,4651,461,4190
297,20/08/22 18:00,19/08/22 00:00,GN84,-0.494025,42,-0.2571929774558834,1.1261985596845274,4762,455,4307
298,21/08/22 00:00,19/08/22 00:00,GN84,-0.494025,48,-0.04056495026167395,0.9553994545336479,4795,456,4339
299,21/08/22 06:00,19/08/22 00:00,GN84,-0.494025,54,0.07674260491776595,0.9833026760098657,4638,460,4178
300,21/08/22 12:00,19/08/22 00:00,GN84,-0.494025,60,0.015629265998185878,0.9890040461783585,4636,457,4179
301,21/08/22 18:00,19/08/22 00:00,GN84,-0.494025,66,-0.19311762933347204,0.929054210931477,4744,457,4287
302,22/08/22 00:00,19/08/22 00:00,GN84,-0.494025,72,0.00391593177853759,1.022578958857641,4692,459,4233
303,22/08/22 06:00,19/08/22 00:00,GN84,-0.494025,78,0.18448402999414604,1.1405082776247566,4660,464,4196
304,22/08/22 12:00,19/08/22 00:00,GN84,-0.494025,84,0.09556303502854842,1.1250083158299045,4701,474,4227
305,22/08/22 18:00,19/08/22 00:00,GN84,-0.494025,90,-0.12209351517012755,0.9976080797862337,4711,457,4254
306,23/08/22 00:00,19/08/22 00:00,GN84,-0.494025,96,0.044863454855559565,0.9042620880036347,4630,453,4177
307,20/08/22 00:00,20/08/22 00:00,GN84,-0.494025,0,-0.001115186031860978,1.0431003365376796,4774,461,4313
308,20/08/22 06:00,20/08/22 00:00,GN84,-0.494025,6,0.10443904488073197,1.038562433985156,4768,457,4311
309,20/08/22 12:00,20/08/22 00:00,GN84,-0.494025,12,0.01812147732175742,1.0631904584921905,4651,461,4190
310,20/08/22 18:00,20/08/22 00:00,GN84,-0.494025,18,-0.29898715568499684,1.093915451629755,4762,455,4307
311,21/08/22 00:00,20/08/22 00:00,GN84,-0.494025,24,-0.07112603092878139,0.9053263213363604,4795,456,4339
312,21/08/22 06:00,20/08/22 00:00,GN84,-0.494025,30,0.04219355026243033,0.9174442934416595,4638,460,4178
313,21/08/22 12:00,20/08/22 00:00,GN84,-0.494025,36,-0.0067268305894415716,0.917593839137813,4636,457,4179
314,21/08/22 18:00,20/08/22 00:00,GN84,-0.494025,42,-0.2147473603848915,0.8676357812593202,4744,457,4287
315,22/08/22 00:00,20/08/22 00:00,GN84,-0.494025,48,-0.020048769945492272,0.9651340269431291,4692,459,4233
316,22/08/22 06:00,20/08/22 00:00,GN84,-0.494025,54,0.140498056035267,1.06944563421187,4660,464,4196
317,22/08/22 12:00,20/08/22 00:00,GN84,-0.494025,60,0.05673877883652752,1.053435358421474,4701,474,4227
318,22/08/22 18:00,20/08/22 00:00,GN84,-0.494025,66,-0.16930490980574658,0.9173977405366768,4711,457,4254
319,23/08/22 00:00,20/08/22 00:00,GN84,-0.494025,72,-0.00890835578370848,0.8154005543193025,4630,453,4177
320,23/08/22 06:00,20/08/22 00:00,GN84,-0.494025,78,0.12894524490899345,0.9716676247012009,4653,448,4205
321,23/08/22 12:00,20/08/22 00:00,GN84,-0.494025,84,0.046630303585510825,1.0987086029454078,4803,455,4348
322,23/08/22 18:00,20/08/22 00:00,GN84,-0.494025,90,-0.2358577774442806,1.0107672091682067,4706,463,4243
323,24/08/22 00:00,20/08/22 00:00,GN84,-0.494025,96,-0.08447817024881653,0.9726644300458347,4626,450,4176
324,21/08/22 00:00,21/08/22 00:00,GN84,-0.494025,0,-0.10461523112247942,0.8926748239588089,4795,456,4339
325,21/08/22 06:00,21/08/22 00:00,GN84,-0.494025,6,0.011865181960393675,0.9153168500571964,4638,460,4178
326,21/08/22 12:00,21/08/22 00:00,GN84,-0.494025,12,-0.03236084673267177,0.9170927472369227,4636,457,4179
327,21/08/22 18:00,21/08/22 00:00,GN84,-0.494025,18,-0.23725621644841483,0.8635208068664385,4744,457,4287
328,22/08/22 00:00,21/08/22 00:00,GN84,-0.494025,24,-0.043104218801592604,0.9622471386709539,4692,459,4233
329,22/08/22 06:00,21/08/22 00:00,GN84,-0.494025,30,0.11560587136774857,1.0625163641759974,4660,464,4196
330,22/08/22 12:00,21/08/22 00:00,GN84,-0.494025,36,0.03219953994704167,1.0391707620845372,4701,474,4227
331,22/08/22 18:00,21/08/22 00:00,GN84,-0.494025,42,-0.19978864704960653,0.9240141964162474,4711,457,4254
332,23/08/22 00:00,21/08/22 00:00,GN84,-0.494025,48,-0.030835045225606386,0.8082954377987102,4630,453,4177
333,23/08/22 06:00,21/08/22 00:00,GN84,-0.494025,54,0.10615370430911569,0.9488474218723891,4653,448,4205
334,23/08/22 12:00,21/08/22 00:00,GN84,-0.494025,60,0.026984488620513378,1.0860918104104678,4803,455,4348
335,23/08/22 18:00,21/08/22 00:00,GN84,-0.494025,66,-0.2448111299770806,0.991270621216043,4706,463,4243
336,24/08/22 00:00,21/08/22 00:00,GN84,-0.494025,72,-0.08911645048205326,0.9514468258678309,4626,450,4176
337,24/08/22 06:00,21/08/22 00:00,GN84,-0.494025,78,0.023994084291650546,0.9278359495877223,4523,443,4080
338,24/08/22 12:00,21/08/22 00:00,GN84,-0.494025,84,-0.02708544256221011,0.9998620016681987,4576,448,4128
339,24/08/22 18:00,21/08/22 00:00,GN84,-0.494025,90,-0.3291477494071288,1.0223081023075598,4674,455,4219
340,25/08/22 00:00,21/08/22 00:00,GN84,-0.494025,96,-0.0793914130529297,0.9684295359508367,4723,466,4257
341,22/08/22 00:00,22/08/22 00:00,GN84,-0.494025,0,-0.044934930115130826,0.9749202919376748,4692,459,4233
342,22/08/22 06:00,22/08/22 00:00,GN84,-0.494025,6,0.12322188181630794,1.0738444147066741,4660,464,4196
343,22/08/22 12:00,22/08/22 00:00,GN84,-0.494025,12,0.042628443036550855,1.0549895650170191,4701,474,4227
344,22/08/22 18:00,22/08/22 00:00,GN84,-0.494025,18,-0.1945676024517271,0.9529599565397868,4711,457,4254
345,23/08/22 00:00,22/08/22 00:00,GN84,-0.494025,24,-0.023477948052153957,0.8181643894746531,4630,453,4177
346,23/08/22 06:00,22/08/22 00:00,GN84,-0.494025,30,0.1176806018379798,0.9672704628015075,4653,448,4205
347,23/08/22 12:00,22/08/22 00:00,GN84,-0.494025,36,0.0354915174875016,1.0996220627475508,4803,455,4348
348,23/08/22 18:00,22/08/22 00:00,GN84,-0.494025,42,-0.2367228045280599,0.9936614411086488,4706,463,4243
349,24/08/22 00:00,22/08/22 00:00,GN84,-0.494025,48,-0.08722600214606394,0.9603514145433715,4626,450,4176
350,24/08/22 06:00,22/08/22 00:00,GN84,-0.494025,54,0.02186894915307921,0.9388923664513638,4523,443,4080
351,24/08/22 12:00,22/08/22 00:00,GN84,-0.494025,60,-0.032052634144105814,1.012591690581665,4576,448,4128
352,24/08/22 18:00,22/08/22 00:00,GN84,-0.494025,66,-0.3328660836808473,1.0219145029502892,4674,455,4219
353,25/08/22 00:00,22/08/22 00:00,GN84,-0.494025,72,-0.08341123230841045,0.9665428028621654,4723,466,4257
354,25/08/22 06:00,22/08/22 00:00,GN84,-0.494025,78,0.0609254571765339,1.0062068645890552,4694,456,4238
355,25/08/22 12:00,22/08/22 00:00,GN84,-0.494025,84,-0.01724949195194767,1.0333459403476264,4737,450,4287
356,25/08/22 18:00,22/08/22 00:00,GN84,-0.494025,90,-0.34861448541447454,1.130635349460977,4750,457,4293
357,26/08/22 00:00,22/08/22 00:00,GN84,-0.494025,96,-0.08379871329365146,0.9683760466259277,4719,450,4269
358,23/08/22 00:00,23/08/22 00:00,GN84,-0.494025,0,0.0009153674437708206,0.8348608545218493,4630,453,4177
359,23/08/22 06:00,23/08/22 00:00,GN84,-0.494025,6,0.13706977481176816,0.975361716751258,4653,448,4205
360,23/08/22 12:00,23/08/22 00:00,GN84,-0.494025,12,0.06311691978754262,1.109439046372681,4803,455,4348
361,23/08/22 18:00,23/08/22 00:00,GN84,-0.494025,18,-0.20211920523773944,0.9894417044856405,4706,463,4243
362,24/08/22 00:00,23/08/22 00:00,GN84,-0.494025,24,-0.053587092212454654,0.9770534895575419,4626,450,4176
363,24/08/22 06:00,23/08/22 00:00,GN84,-0.494025,30,0.05235152965324064,0.9555443197067169,4523,443,4080
364,24/08/22 12:00,23/08/22 00:00,GN84,-0.494025,36,0.0054017142526748335,1.0240874897806427,4576,448,4128
365,24/08/22 18:00,23/08/22 00:00,GN84,-0.494025,42,-0.2950087553172578,1.0171508698331846,4674,455,4219
366,25/08/22 00:00,23/08/22 00:00,GN84,-0.494025,48,-0.05245471983139975,0.9529550666143987,4723,466,4257
367,25/08/22 06:00,23/08/22 00:00,GN84,-0.494025,54,0.08781630149847927,0.9956264754465095,4694,456,4238
368,25/08/22 12:00,23/08/22 00:00,GN84,-0.494025,60,0.008788576453403104,1.0303259514173604,4737,450,4287
369,25/08/22 18:00,23/08/22 00:00,GN84,-0.494025,66,-0.32104926231966924,1.1023262847607311,4750,457,4293
370,26/08/22 00:00,23/08/22 00:00,GN84,-0.494025,72,-0.05562666028605061,0.9512927104508029,4719,450,4269
371,26/08/22 06:00,23/08/22 00:00,GN84,-0.494025,78,0.05902786667685179,1.0329036084822236,4675,446,4229
372,26/08/22 12:00,23/08/22 00:00,GN84,-0.494025,84,0.00782392785172981,1.1186440274183298,4635,443,4192
373,26/08/22 18:00,23/08/22 00:00,GN84,-0.494025,90,-0.23606241395340252,1.038559125303708,4907,472,4435
374,27/08/22 00:00,23/08/22 00:00,GN84,-0.494025,96,-0.02338088990902597,0.9495965491040419,4832,468,4364
375,24/08/22 00:00,24/08/22 00:00,GN84,-0.494025,0,-0.08522306763125764,0.9835181293347259,4626,450,4176
376,24/08/22 06:00,24/08/22 00:00,GN84,-0.494025,6,0.027563633957600912,0.9627138030485823,4523,443,4080
377,24/08/22 12:00,24/08/22 00:00,GN84,-0.494025,12,-0.019445795963979485,1.0218511148454503,4576,448,4128
378,24/08/22 18:00,24/08/22 00:00,GN84,-0.494025,18,-0.32407792260686624,1.0337024939201223,4674,455,4219
379,25/08/22 00:00,24/08/22 00:00,GN84,-0.494025,24,-0.08380741958146372,0.9599074779898795,4723,466,4257
380,25/08/22 06:00,24/08/22 00:00,GN84,-0.494025,30,0.058921202459963504,1.0044670640826756,4694,456,4238
381,25/08/22 12:00,24/08/22 00:00,GN84,-0.494025,36,-0.020961524572083803,1.0349645548111643,4737,450,4287
382,25/08/22 18:00,24/08/22 00:00,GN84,-0.494025,42,-0.35107846669975523,1.121904578106018,4750,457,4293
383,26/08/22 00:00,24/08/22 00:00,GN84,-0.494025,48,-0.08998434482835019,0.9615903718711876,4719,450,4269
384,26/08/22 06:00,24/08/22 00:00,GN84,-0.494025,54,0.032587317844450354,1.0327514846385455,4675,446,4229
385,26/08/22 12:00,24/08/22 00:00,GN84,-0.494025,60,-0.012495377992636586,1.1141854074555755,4635,443,4192
386,26/08/22 18:00,24/08/22 00:00,GN84,-0.494025,66,-0.2532144104558526,1.0372827417290038,4907,472,4435
387,27/08/22 00:00,24/08/22 00:00,GN84,-0.494025,72,-0.03436002600556082,0.9588220474453363,4832,468,4364
388,27/08/22 06:00,24/08/22 00:00,GN84,-0.494025,78,0.05863776971050655,1.0073661364630004,4422,464,3958
389,27/08/22 12:00,24/08/22 00:00,GN84,-0.494025,84,-0.031273300659496565,1.0123357616093953,4882,467,4415
390,27/08/22 18:00,24/08/22 00:00,GN84,-0.494025,90,-0.33757035519708234,1.0218991171212055,4905,464,4441
391,28/08/22 00:00,24/08/22 00:00,GN84,-0.494025,96,-0.07192091622039021,0.9903693478147809,4863,465,4398
392,25/08/22 00:00,25/08/22 00:00,GN84,-0.494025,0,-0.057271995195707436,0.9459818556703478,4723,466,4257
393,25/08/22 06:00,25/08/22 00:00,GN84,-0.494025,6,0.09193627087027427,1.0047212732392161,4694,456,4238
394,25/08/22 12:00,25/08/22 00:00,GN84,-0.494025,12,0.013685201443050085,1.034979919364705,4737,450,4287
395,25/08/22 18:00,25/08/22 00:00,GN84,-0.494025,18,-0.3129383650305738,1.0931851804907269,4750,457,4293
396,26/08/22 00:00,25/08/22 00:00,GN84,-0.494025,24,-0.042190949834812135,0.9486093036015586,4719,450,4269
397,26/08/22 06:00,25/08/22 00:00,GN84,-0.494025,30,0.08077273722111449,1.0392733684507836,4675,446,4229
398,26/08/22 12:00,25/08/22 00:00,GN84,-0.494025,36,0.030950198496232633,1.1187938135865154,4635,443,4192
399,26/08/22 18:00,25/08/22 00:00,GN84,-0.494025,42,-0.21210168871981663,1.0272375295945868,4907,472,4435
400,27/08/22 00:00,25/08/22 00:00,GN84,-0.494025,48,0.0019280883000032123,0.9470781183867968,4832,468,4364
401,27/08/22 06:00,25/08/22 00:00,GN84,-0.494025,54,0.09632235541820507,1.0005870007604274,4422,464,3958
402,27/08/22 12:00,25/08/22 00:00,GN84,-0.494025,60,0.0032467225378244656,1.0177289617022638,4882,467,4415
403,27/08/22 18:00,25/08/22 00:00,GN84,-0.494025,66,-0.2916923505275836,0.9999251605442474,4905,464,4441
404,28/08/22 00:00,25/08/22 00:00,GN84,-0.494025,72,-0.015601714120625719,0.979600640437898,4863,465,4398
405,28/08/22 06:00,25/08/22 00:00,GN84,-0.494025,78,0.10837873404365758,1.0061042923143182,4490,468,4022
406,28/08/22 12:00,25/08/22 00:00,GN84,-0.494025,84,0.024981334532882375,1.0241830443747948,4847,467,4380
407,28/08/22 18:00,25/08/22 00:00,GN84,-0.494025,90,-0.23839581842130436,0.9760363658812565,4904,469,4435
408,29/08/22 00:00,25/08/22 00:00,GN84,-0.494025,96,-0.005850905186248232,0.9353679310386744,4871,470,4401
409,26/08/22 00:00,26/08/22 00:00,GN84,-0.494025,0,-0.04555098545765149,0.9754347393698324,4719,450,4269
410,26/08/22 06:00,26/08/22 00:00,GN84,-0.494025,6,0.08357735044699788,1.0683953464166123,4675,446,4229
411,26/08/22 12:00,26/08/22 00:00,GN84,-0.494025,12,0.036414116813774905,1.1556851285292686,4635,443,4192
412,26/08/22 18:00,26/08/22 00:00,GN84,-0.494025,18,-0.21405266538398957,1.0338116102634547,4907,472,4435
413,27/08/22 00:00,26/08/22 00:00,GN84,-0.494025,24,-0.0028426576010728757,0.9786643322127554,4832,468,4364
414,27/08/22 06:00,26/08/22 00:00,GN84,-0.494025,30,0.09532551482307959,1.0285021836653865,4422,464,3958
415,27/08/22 12:00,26/08/22 00:00,GN84,-0.494025,36,0.0014976200792453653,1.0630739988175928,4882,467,4415
416,27/08/22 18:00,26/08/22 00:00,GN84,-0.494025,42,-0.28847670599216807,1.0296152061549904,4905,464,4441
417,28/08/22 00:00,26/08/22 00:00,GN84,-0.494025,48,-0.011885354144734704,1.0275509782731154,4863,465,4398
418,28/08/22 06:00,26/08/22 00:00,GN84,-0.494025,54,0.11501833287669232,1.045395403810884,4490,468,4022
419,28/08/22 12:00,26/08/22 00:00,GN84,-0.494025,60,0.03121486420999214,1.04716391410747,4847,467,4380
420,28/08/22 18:00,26/08/22 00:00,GN84,-0.494025,66,-0.23640035577929455,0.9851859390287738,4904,469,4435
421,29/08/22 00:00,26/08/22 00:00,GN84,-0.494025,72,-0.002190832337918056,0.9507045981305452,4871,470,4401
422,29/08/22 06:00,26/08/22 00:00,GN84,-0.494025,78,0.06887975944431433,0.9863733598115636,4385,466,3919
423,29/08/22 12:00,26/08/22 00:00,GN84,-0.494025,84,-0.038151706269125285,1.0092836598918056,4856,467,4389
424,29/08/22 18:00,26/08/22 00:00,GN84,-0.494025,90,-0.3636563779773412,1.0333527946218977,4895,468,4427
425,30/08/22 00:00,26/08/22 00:00,GN84,-0.494025,96,-0.08399600686053318,0.9301728855063042,4869,474,4395
426,27/08/22 00:00,27/08/22 00:00,GN84,-0.494025,0,0.06529328076464999,0.9523318404410838,4832,468,4364
427,27/08/22 06:00,27/08/22 00:00,GN84,-0.494025,6,0.1584912810126126,0.998939406149707,4422,464,3958
428,27/08/22 12:00,27/08/22 00:00,GN84,-0.494025,12,0.06305614663131538,1.0324824386859095,4882,467,4415
429,27/08/22 18:00,27/08/22 00:00,GN84,-0.494025,18,-0.22950285497866313,1.0006825589868906,4905,464,4441
430,28/08/22 00:00,27/08/22 00:00,GN84,-0.494025,24,0.043077635205076514,0.9951465928663963,4863,465,4398
431,28/08/22 06:00,27/08/22 00:00,GN84,-0.494025,30,0.16801787724676426,1.0183399201921106,4490,468,4022
432,28/08/22 12:00,27/08/22 00:00,GN84,-0.494025,36,0.07877814901495288,1.0381820811360958,4847,467,4380
433,28/08/22 18:00,27/08/22 00:00,GN84,-0.494025,42,-0.18560701619248657,0.972136715271703,4904,469,4435
434,29/08/22 00:00,27/08/22 00:00,GN84,-0.494025,48,0.04338192052354643,0.9287215468034434,4871,470,4401
435,29/08/22 06:00,27/08/22 00:00,GN84,-0.494025,54,0.10947485121536174,0.964856320776316,4385,466,3919
436,29/08/22 12:00,27/08/22 00:00,GN84,-0.494025,60,-0.0010473361180483797,0.9844862218443887,4856,467,4389
437,29/08/22 18:00,27/08/22 00:00,GN84,-0.494025,66,-0.33079156614210664,0.9969526482212626,4895,468,4427
438,30/08/22 00:00,27/08/22 00:00,GN84,-0.494025,72,-0.05352100550121129,0.8870008729354403,4869,474,4395
439,30/08/22 06:00,27/08/22 00:00,GN84,-0.494025,78,0.04046685981799345,0.9136299569924929,4652,467,4185
440,30/08/22 12:00,27/08/22 00:00,GN84,-0.494025,84,-0.07194826206930312,0.9509682125396609,4835,468,4367
441,30/08/22 18:00,27/08/22 00:00,GN84,-0.494025,90,-0.3407920523802109,0.9054897484687261,4810,468,4342
442,31/08/22 00:00,27/08/22 00:00,GN84,-0.494025,96,-0.08938002196121685,0.845101358268228,4684,469,4215
443,28/08/22 00:00,28/08/22 00:00,GN84,-0.494025,0,0.014984829792690618,0.9748708185040946,4863,465,4398
444,28/08/22 06:00,28/08/22 00:00,GN84,-0.494025,6,0.15264922801995756,0.9909958973969736,4490,468,4022
445,28/08/22 12:00,28/08/22 00:00,GN84,-0.494025,12,0.06843655721747986,1.0117367139158042,4847,467,4380
446,28/08/22 18:00,28/08/22 00:00,GN84,-0.494025,18,-0.19145699213248793,0.9493388073410092,4904,469,4435
447,29/08/22 00:00,28/08/22 00:00,GN84,-0.494025,24,0.04223552174464237,0.9068026589237531,4871,470,4401
448,29/08/22 06:00,28/08/22 00:00,GN84,-0.494025,30,0.11005197555694414,0.9537140885528792,4385,466,3919
449,29/08/22 12:00,28/08/22 00:00,GN84,-0.494025,36,0.0034904446078415476,0.9848373772085425,4856,467,4389
450,29/08/22 18:00,28/08/22 00:00,GN84,-0.494025,42,-0.32396564677969997,0.9989965243390703,4895,468,4427
451,30/08/22 00:00,28/08/22 00:00,GN84,-0.494025,48,-0.04255182876643067,0.8801080405003581,4869,474,4395
452,30/08/22 06:00,28/08/22 00:00,GN84,-0.494025,54,0.05277466715998473,0.9163648190124024,4652,467,4185
453,30/08/22 12:00,28/08/22 00:00,GN84,-0.494025,60,-0.05941553974156258,0.9531061338901424,4835,468,4367
454,30/08/22 18:00,28/08/22 00:00,GN84,-0.494025,66,-0.32711206762435047,0.9132267752763593,4810,468,4342
455,31/08/22 00:00,28/08/22 00:00,GN84,-0.494025,72,-0.081123654430692,0.8386939072796119,4684,469,4215
456,31/08/22 06:00,28/08/22 00:00,GN84,-0.494025,78,0.06377732493406879,0.9574259576936673,4555,466,4089
457,31/08/22 12:00,28/08/22 00:00,GN84,-0.494025,84,0.01768368630418636,1.0214272700267037,4817,469,4348
458,31/08/22 18:00,28/08/22 00:00,GN84,-0.494025,90,-0.33525207247993366,0.937584516737653,4866,472,4394
459,01/09/22 00:00,28/08/22 00:00,GN84,-0.494025,96,-0.08029042288978958,0.8505560515886282,4726,463,4263
460,29/08/22 00:00,29/08/22 00:00,GN84,-0.494025,0,0.08972620268988488,0.9348783805617007,4871,470,4401
461,29/08/22 06:00,29/08/22 00:00,GN84,-0.494025,6,0.15342005753966237,0.9775538947236175,4385,466,3919
462,29/08/22 12:00,29/08/22 00:00,GN84,-0.494025,12,0.050135406715223714,1.0074031248202946,4856,467,4389
463,29/08/22 18:00,29/08/22 00:00,GN84,-0.494025,18,-0.2725708393474,1.002557785166952,4895,468,4427
464,30/08/22 00:00,29/08/22 00:00,GN84,-0.494025,24,0.009551933105980391,0.8958865695225224,4869,474,4395
465,30/08/22 06:00,29/08/22 00:00,GN84,-0.494025,30,0.09722826632967933,0.9326941874143108,4652,467,4185
466,30/08/22 12:00,29/08/22 00:00,GN84,-0.494025,36,-0.019827264537062437,0.9737092586575286,4835,468,4367
467,30/08/22 18:00,29/08/22 00:00,GN84,-0.494025,42,-0.2844373527418617,0.9139563972982938,4810,468,4342
468,31/08/22 00:00,29/08/22 00:00,GN84,-0.494025,48,-0.030253495720575466,0.8402287367860621,4684,469,4215
469,31/08/22 06:00,29/08/22 00:00,GN84,-0.494025,54,0.11145907096996875,0.9687237151482924,4555,466,4089
470,31/08/22 12:00,29/08/22 00:00,GN84,-0.494025,60,0.06141075397702917,1.0367391614408206,4817,469,4348
471,31/08/22 18:00,29/08/22 00:00,GN84,-0.494025,66,-0.2982194389554133,0.933625882041772,4866,472,4394
472,01/09/22 00:00,29/08/22 00:00,GN84,-0.494025,72,-0.04538726125352565,0.8432230434346809,4726,463,4263
473,01/09/22 06:00,29/08/22 00:00,GN84,-0.494025,78,0.18121287589990262,1.0719931583982758,3762,416,3346
474,01/09/22 12:00,29/08/22 00:00,GN84,-0.494025,84,-0.04167408932757964,1.1018377788120797,3605,443,3162
475,01/09/22 18:00,29/08/22 00:00,GN84,-0.494025,90,-0.2684087372164607,0.9464831137079072,4827,472,4355
476,02/09/22 00:00,29/08/22 00:00,GN84,-0.494025,96,0.013240115596632874,0.9510151806427892,4738,472,4266
477,30/08/22 00:00,30/08/22 00:00,GN84,-0.494025,0,-0.012360503888940765,0.9227715201583319,4869,474,4395
478,30/08/22 06:00,30/08/22 00:00,GN84,-0.494025,6,0.0868760382943018,0.9629579127803927,4652,467,4185
479,30/08/22 12:00,30/08/22 00:00,GN84,-0.494025,12,-0.027425364940561667,0.9996532196023478,4835,468,4367
480,30/08/22 18:00,30/08/22 00:00,GN84,-0.494025,18,-0.28834838917220584,0.9299255943042762,4810,468,4342
481,31/08/22 00:00,30/08/22 00:00,GN84,-0.494025,24,-0.033706003113569916,0.8626490206314076,4684,469,4215
482,31/08/22 06:00,30/08/22 00:00,GN84,-0.494025,30,0.11290931438738797,0.9893561357161038,4555,466,4089
483,31/08/22 12:00,30/08/22 00:00,GN84,-0.494025,36,0.06520265437166348,1.0503424776821495,4817,469,4348
484,31/08/22 18:00,30/08/22 00:00,GN84,-0.494025,42,-0.29253221762898374,0.9532016947709371,4866,472,4394
485,01/09/22 00:00,30/08/22 00:00,GN84,-0.494025,48,-0.037408976013334004,0.8627383110193138,4726,463,4263
486,01/09/22 06:00,30/08/22 00:00,GN84,-0.494025,54,0.17833288068530234,1.096326296453229,3762,416,3346
487,01/09/22 12:00,30/08/22 00:00,GN84,-0.494025,60,-0.031159560417652176,1.1137159222886068,3605,443,3162
488,01/09/22 18:00,30/08/22 00:00,GN84,-0.494025,66,-0.2550392719854598,0.9623888642351824,4827,472,4355
489,02/09/22 00:00,30/08/22 00:00,GN84,-0.494025,72,0.032214223377916254,0.9711100848735003,4738,472,4266
490,02/09/22 06:00,30/08/22 00:00,GN84,-0.494025,78,0.27397218843933463,1.3286359804649055,4509,468,4041
491,02/09/22 12:00,30/08/22 00:00,GN84,-0.494025,84,0.22801140513219242,1.4648066271193507,4845,467,4378
492,02/09/22 18:00,30/08/22 00:00,GN84,-0.494025,90,-2.674214694681979e-05,1.2623844244460802,4877,473,4404
493,03/09/22 00:00,30/08/22 00:00,GN84,-0.494025,96,0.19298790967683552,1.2194838742818297,4825,470,4355
494,31/08/22 00:00,31/08/22 00:00,GN84,-0.494025,0,-0.045261312755472884,0.8396683589657229,4684,469,4215
495,31/08/22 06:00,31/08/22 00:00,GN84,-0.494025,6,0.10815559412243787,0.9688663282525837,4555,466,4089
496,31/08/22 12:00,31/08/22 00:00,GN84,-0.494025,12,0.06153291210055027,1.0280450284705447,4817,469,4348
497,31/08/22 18:00,31/08/22 00:00,GN84,-0.494025,18,-0.2950551395430109,0.937732432094888,4866,472,4394
498,01/09/22 00:00,31/08/22 00:00,GN84,-0.494025,24,-0.03579724606576262,0.8550102972422327,4726,463,4263
499,01/09/22 06:00,31/08/22 00:00,GN84,-0.494025,30,0.17369760617778962,1.0786120747873473,3762,416,3346
500,01/09/22 12:00,31/08/22 00:00,GN84,-0.494025,36,-0.02561264780839869,1.0958474968513343,3605,443,3162
501,01/09/22 18:00,31/08/22 00:00,GN84,-0.494025,42,-0.2518795722471393,0.9266480023114412,4827,472,4355
502,02/09/22 00:00,31/08/22 00:00,GN84,-0.494025,48,0.03656129535298646,0.9393231138296169,4738,472,4266
503,02/09/22 06:00,31/08/22 00:00,GN84,-0.494025,54,0.27890926478095335,1.2967698840821038,4509,468,4041
504,02/09/22 12:00,31/08/22 00:00,GN84,-0.494025,60,0.233307666416468,1.4252999161840387,4845,467,4378
505,02/09/22 18:00,31/08/22 00:00,GN84,-0.494025,66,0.0054322470956939565,1.2210452300487795,4877,473,4404
506,03/09/22 00:00,31/08/22 00:00,GN84,-0.494025,72,0.1983195625452021,1.1904759697258807,4825,470,4355
507,03/09/22 06:00,31/08/22 00:00,GN84,-0.494025,78,0.3281635822464972,1.337022245056066,4403,460,3943
508,03/09/22 12:00,31/08/22 00:00,GN84,-0.494025,84,0.19169456944663174,1.2176049628221313,4833,467,4366
509,03/09/22 18:00,31/08/22 00:00,GN84,-0.494025,90,-0.028439820541348297,1.1293604250502385,4870,471,4399
510,04/09/22 00:00,31/08/22 00:00,GN84,-0.494025,96,0.16238201073282352,1.1369827457805028,4843,475,4368
511,01/09/22 00:00,01/09/22 00:00,GN84,-0.494025,0,-0.042348903832793855,0.8667109468428418,4726,463,4263
512,01/09/22 06:00,01/09/22 00:00,GN84,-0.494025,6,0.17383109403132882,1.0776483868581737,3762,416,3346
513,01/09/22 12:00,01/09/22 00:00,GN84,-0.494025,12,-0.009690143999131234,1.0864494034812384,3605,443,3162
514,01/09/22 18:00,01/09/22 00:00,GN84,-0.494025,18,-0.233208144680686,0.8940892745958223,4827,472,4355
515,02/09/22 00:00,01/09/22 00:00,GN84,-0.494025,24,0.054430033843737846,0.9113573244521297,4738,472,4266
516,02/09/22 06:00,01/09/22 00:00,GN84,-0.494025,30,0.29823955356822274,1.2529246838055168,4509,468,4041
517,02/09/22 12:00,01/09/22 00:00,GN84,-0.494025,36,0.25153556542387145,1.3714755637467466,4845,467,4378
518,02/09/22 18:00,01/09/22 00:00,GN84,-0.494025,42,0.031344107601811985,1.1634401909425691,4877,473,4404
519,03/09/22 00:00,01/09/22 00:00,GN84,-0.494025,48,0.22673034960148986,1.1435950447494163,4825,470,4355
520,03/09/22 06:00,01/09/22 00:00,GN84,-0.494025,54,0.3495262231814684,1.298817203585342,4403,460,3943
521,03/09/22 12:00,01/09/22 00:00,GN84,-0.494025,60,0.20885802324660072,1.1795852238752569,4833,467,4366
522,03/09/22 18:00,01/09/22 00:00,GN84,-0.494025,66,-0.00930649336800978,1.0896409850479338,4870,471,4399
523,04/09/22 00:00,01/09/22 00:00,GN84,-0.494025,72,0.181813005993376,1.0980440332916024,4843,475,4368
524,04/09/22 06:00,01/09/22 00:00,GN84,-0.494025,78,0.29183347875173915,1.172407673450477,4587,474,4113
525,04/09/22 12:00,01/09/22 00:00,GN84,-0.494025,84,0.12259702246288626,1.0455370656295466,4803,473,4330
526,04/09/22 18:00,01/09/22 00:00,GN84,-0.494025,90,-0.14693742752291233,0.9874818921593798,4850,473,4377
527,05/09/22 00:00,01/09/22 00:00,GN84,-0.494025,96,0.0490790511388329,0.9509621690068674,4791,464,4327
528,02/09/22 00:00,02/09/22 00:00,GN84,-0.494025,0,0.05685186020555586,0.893346161640996,4738,472,4266
529,02/09/22 06:00,02/09/22 00:00,GN84,-0.494025,6,0.3054179876605813,1.2088302418795933,4509,468,4041
530,02/09/22 12:00,02/09/22 00:00,GN84,-0.494025,12,0.26153370770909495,1.3223475870024435,4845,467,4378
531,02/09/22 18:00,02/09/22 00:00,GN84,-0.494025,18,0.03672103725434186,1.1223587762868295,4877,473,4404
532,03/09/22 00:00,02/09/22 00:00,GN84,-0.494025,24,0.23090224490567102,1.10430750699031,4825,470,4355
533,03/09/22 06:00,02/09/22 00:00,GN84,-0.494025,30,0.35598327055388984,1.2567089874643256,4403,460,3943
534,03/09/22 12:00,02/09/22 00:00,GN84,-0.494025,36,0.21545115518738578,1.1441399657522193,4833,467,4366
535,03/09/22 18:00,02/09/22 00:00,GN84,-0.494025,42,-0.006781137280420979,1.0592992971839632,4870,471,4399
536,04/09/22 00:00,02/09/22 00:00,GN84,-0.494025,48,0.18481569589948252,1.061656033847793,4843,475,4368
537,04/09/22 06:00,02/09/22 00:00,GN84,-0.494025,54,0.29428643267682614,1.1345785858116666,4587,474,4113
538,04/09/22 12:00,02/09/22 00:00,GN84,-0.494025,60,0.12646844267802598,1.0086362748633988,4803,473,4330
539,04/09/22 18:00,02/09/22 00:00,GN84,-0.494025,66,-0.15056988947589103,0.9625649217337247,4850,473,4377
540,05/09/22 00:00,02/09/22 00:00,GN84,-0.494025,72,0.04853727598114799,0.9252827293881003,4791,464,4327
541,05/09/22 06:00,02/09/22 00:00,GN84,-0.494025,78,0.16767311572020227,1.0198643639696996,4417,463,3954
542,05/09/22 12:00,02/09/22 00:00,GN84,-0.494025,84,0.08896112010518087,1.0555896704761412,4854,466,4388
543,05/09/22 18:00,02/09/22 00:00,GN84,-0.494025,90,-0.11992500760978982,1.0895727797498773,4758,470,4288
544,06/09/22 00:00,02/09/22 00:00,GN84,-0.494025,96,0.09222733506558792,1.0260460806478933,4756,464,4292
545,03/09/22 00:00,03/09/22 00:00,GN84,-0.494025,0,0.24027199654213666,1.0518872121160858,4825,470,4355
546,03/09/22 06:00,03/09/22 00:00,GN84,-0.494025,6,0.37432568147735756,1.2003477397844053,4403,460,3943
547,03/09/22 12:00,03/09/22 00:00,GN84,-0.494025,12,0.2347445869821014,1.0916592326505157,4833,467,4366
548,03/09/22 18:00,03/09/22 00:00,GN84,-0.494025,18,0.012939560965874935,1.0030437645471713,4870,471,4399
549,04/09/22 00:00,03/09/22 00:00,GN84,-0.494025,24,0.2057888286016072,1.0053884662982437,4843,475,4368
550,04/09/22 06:00,03/09/22 00:00,GN84,-0.494025,30,0.3189276744425461,1.0768181342777925,4587,474,4113
551,04/09/22 12:00,03/09/22 00:00,GN84,-0.494025,36,0.14944481520836433,0.95338919943322,4803,473,4330
552,04/09/22 18:00,03/09/22 00:00,GN84,-0.494025,42,-0.11639565452100187,0.9191685565036635,4850,473,4377
553,05/09/22 00:00,03/09/22 00:00,GN84,-0.494025,48,0.08527833470951438,0.8828371262504985,4791,464,4327
554,05/09/22 06:00,03/09/22 00:00,GN84,-0.494025,54,0.20685347751573638,0.9676331594432761,4417,463,3954
555,05/09/22 12:00,03/09/22 00:00,GN84,-0.494025,60,0.12141167375806446,0.9863855573400966,4854,466,4388
556,05/09/22 18:00,03/09/22 00:00,GN84,-0.494025,66,-0.09523115807903192,1.016769816712147,4758,470,4288
557,06/09/22 00:00,03/09/22 00:00,GN84,-0.494025,72,0.11532642935873054,0.9554051359504091,4756,464,4292
558,06/09/22 06:00,03/09/22 00:00,GN84,-0.494025,78,0.22035040974605785,1.013877714627583,4545,450,4095
559,06/09/22 12:00,03/09/22 00:00,GN84,-0.494025,84,0.18250183719995308,1.1101721872214367,4733,459,4274
560,06/09/22 18:00,03/09/22 00:00,GN84,-0.494025,90,0.03204182222004495,1.105272518607759,4803,469,4334
561,07/09/22 00:00,03/09/22 00:00,GN84,-0.494025,96,0.22107965472452476,1.078014947851422,4935,470,4465
562,04/09/22 00:00,04/09/22 00:00,GN84,-0.494025,0,0.15198041298739692,0.9981866725588073,4843,475,4368
563,04/09/22 06:00,04/09/22 00:00,GN84,-0.494025,6,0.2709015683009375,1.07632587540373,4587,474,4113
564,04/09/22 12:00,04/09/22 00:00,GN84,-0.494025,12,0.10890582637586958,0.9510165426711092,4803,473,4330
565,04/09/22 18:00,04/09/22 00:00,GN84,-0.494025,18,-0.1609636864101293,0.91895781406451,4850,473,4377
566,05/09/22 00:00,04/09/22 00:00,GN84,-0.494025,24,0.04706475017615348,0.8920962320417827,4791,464,4327
567,05/09/22 06:00,04/09/22 00:00,GN84,-0.494025,30,0.16819578090669549,0.9777271891422712,4417,463,3954
568,05/09/22 12:00,04/09/22 00:00,GN84,-0.494025,36,0.0857087989450153,0.9892764073831034,4854,466,4388
569,05/09/22 18:00,04/09/22 00:00,GN84,-0.494025,42,-0.13069161596810625,1.0046285970963948,4758,470,4288
570,06/09/22 00:00,04/09/22 00:00,GN84,-0.494025,48,0.07658250956060142,0.9453576322517941,4756,464,4292
571,06/09/22 06:00,04/09/22 00:00,GN84,-0.494025,54,0.1875033309193245,1.000211110526366,4545,450,4095
572,06/09/22 12:00,04/09/22 00:00,GN84,-0.494025,60,0.14484150310241628,1.0927399487995166,4733,459,4274
573,06/09/22 18:00,04/09/22 00:00,GN84,-0.494025,66,-0.010589459930740123,1.0613846021778641,4803,469,4334
574,07/09/22 00:00,04/09/22 00:00,GN84,-0.494025,72,0.1815453833695809,1.0401561344362462,4935,470,4465
575,07/09/22 06:00,04/09/22 00:00,GN84,-0.494025,78,0.30088837828038006,1.1811188503511405,4639,468,4171
576,07/09/22 12:00,04/09/22 00:00,GN84,-0.494025,84,0.24219071266447856,1.2018321360647521,4965,471,4494
577,07/09/22 18:00,04/09/22 00:00,GN84,-0.494025,90,0.10223353365708827,1.2062342172172993,5007,474,4533
578,08/09/22 00:00,04/09/22 00:00,GN84,-0.494025,96,0.29323034744266285,1.2385928686125443,4910,473,4437
579,05/09/22 00:00,05/09/22 00:00,GN84,-0.494025,0,0.0011413462076804316,0.8682710744793709,4791,464,4327
580,05/09/22 06:00,05/09/22 00:00,GN84,-0.494025,6,0.12840848426095727,0.9570447215265523,4417,463,3954
581,05/09/22 12:00,05/09/22 00:00,GN84,-0.494025,12,0.053652227125130715,0.9675269169798011,4854,466,4388
582,05/09/22 18:00,05/09/22 00:00,GN84,-0.494025,18,-0.15940274219614314,0.9790037914080113,4758,470,4288
583,06/09/22 00:00,05/09/22 00:00,GN84,-0.494025,24,0.04532862480681798,0.9263471856708159,4756,464,4292
584,06/09/22 06:00,05/09/22 00:00,GN84,-0.494025,30,0.15848726061887572,0.9760573864323704,4545,450,4095
585,06/09/22 12:00,05/09/22 00:00,GN84,-0.494025,36,0.11594440047042694,1.0740762886911641,4733,459,4274
586,06/09/22 18:00,05/09/22 00:00,GN84,-0.494025,42,-0.04447360362949568,1.0387169692556886,4803,469,4334
587,07/09/22 00:00,05/09/22 00:00,GN84,-0.494025,48,0.14947143031481308,1.015641823195606,4935,470,4465
588,07/09/22 06:00,05/09/22 00:00,GN84,-0.494025,54,0.2707151433590228,1.1600794386544238,4639,468,4171
589,07/09/22 12:00,05/09/22 00:00,GN84,-0.494025,60,0.21334967309840758,1.1795887419476196,4965,471,4494
590,07/09/22 18:00,05/09/22 00:00,GN84,-0.494025,66,0.07068142633778737,1.1752208071654278,5007,474,4533
591,08/09/22 00:00,05/09/22 00:00,GN84,-0.494025,72,0.2597078269238946,1.2035272271977113,4910,473,4437
592,08/09/22 06:00,05/09/22 00:00,GN84,-0.494025,78,0.38673642892940113,1.2974018126840907,4475,476,3999
593,08/09/22 12:00,05/09/22 00:00,GN84,-0.494025,84,0.34357804086423976,1.3619812577335813,4920,475,4445
594,08/09/22 18:00,05/09/22 00:00,GN84,-0.494025,90,0.17876330023548606,1.1670195444201141,4853,476,4377
595,09/09/22 00:00,05/09/22 00:00,GN84,-0.494025,96,0.3190401185822858,1.1604781377783646,4857,469,4388
596,06/09/22 00:00,06/09/22 00:00,GN84,-0.494025,0,0.034801090310701666,0.9150926732121889,4756,464,4292
597,06/09/22 06:00,06/09/22 00:00,GN84,-0.494025,6,0.14899175108148505,0.9734319109584498,4545,450,4095
598,06/09/22 12:00,06/09/22 00:00,GN84,-0.494025,12,0.10821593058837287,1.0696511304820577,4733,459,4274
599,06/09/22 18:00,06/09/22 00:00,GN84,-0.494025,18,-0.05884348018459931,1.0391511573778927,4803,469,4334
600,07/09/22 00:00,06/09/22 00:00,GN84,-0.494025,24,0.13102311221513707,1.011452832497571,4935,470,4465
601,07/09/22 06:00,06/09/22 00:00,GN84,-0.494025,30,0.2555427358231808,1.1576476959812936,4639,468,4171
602,07/09/22 12:00,06/09/22 00:00,GN84,-0.494025,36,0.20330735948904569,1.180651703470242,4965,471,4494
603,07/09/22 18:00,06/09/22 00:00,GN84,-0.494025,42,0.05021128657014254,1.1606306920286997,5007,474,4533
604,08/09/22 00:00,06/09/22 00:00,GN84,-0.494025,48,0.23533898605308143,1.1929882462152397,4910,473,4437
605,08/09/22 06:00,06/09/22 00:00,GN84,-0.494025,54,0.365352347794565,1.292118204550753,4475,476,3999
606,08/09/22 12:00,06/09/22 00:00,GN84,-0.494025,60,0.32177938974227416,1.3512239531538683,4920,475,4445
607,08/09/22 18:00,06/09/22 00:00,GN84,-0.494025,66,0.15106368638080472,1.1404581531132212,4853,476,4377
608,09/09/22 00:00,06/09/22 00:00,GN84,-0.494025,72,0.29042947935295566,1.1377182071504315,4857,469,4388
609,09/09/22 06:00,06/09/22 00:00,GN84,-0.494025,78,0.41258798367403215,1.3092872046496256,4638,470,4168
610,09/09/22 12:00,06/09/22 00:00,GN84,-0.494025,84,0.3811051540936379,1.370820621429304,4846,466,4380
611,09/09/22 18:00,06/09/22 00:00,GN84,-0.494025,90,0.11847399003579392,1.1189747203258045,4837,466,4371
612,10/09/22 00:00,06/09/22 00:00,GN84,-0.494025,96,0.28667093318156583,1.0660065249021589,4708,464,4244
613,07/09/22 00:00,07/09/22 00:00,GN84,-0.494025,0,0.11687942777976451,1.0063561108260852,4935,470,4465
614,07/09/22 06:00,07/09/22 00:00,GN84,-0.494025,6,0.24081307388857148,1.152672336288696,4639,468,4171
615,07/09/22 12:00,07/09/22 00:00,GN84,-0.494025,12,0.19154492610656937,1.168865677635935,4965,471,4494
616,07/09/22 18:00,07/09/22 00:00,GN84,-0.494025,18,0.03607727109912783,1.1442125465984727,5007,474,4533
617,08/09/22 00:00,07/09/22 00:00,GN84,-0.494025,24,0.21917671108766099,1.1905375385913468,4910,473,4437
618,08/09/22 06:00,07/09/22 00:00,GN84,-0.494025,30,0.3467188467435794,1.296843098953237,4475,476,3999
619,08/09/22 12:00,07/09/22 00:00,GN84,-0.494025,36,0.3045552807195242,1.35971170092444,4920,475,4445
620,08/09/22 18:00,07/09/22 00:00,GN84,-0.494025,42,0.1350561730602963,1.1471316011574044,4853,476,4377
621,09/09/22 00:00,07/09/22 00:00,GN84,-0.494025,48,0.2684306169056123,1.1383996701736443,4857,469,4388
622,09/09/22 06:00,07/09/22 00:00,GN84,-0.494025,54,0.39031310926177104,1.3222815631611193,4638,470,4168
623,09/09/22 12:00,07/09/22 00:00,GN84,-0.494025,60,0.3615966988008794,1.38111479429643,4846,466,4380
624,09/09/22 18:00,07/09/22 00:00,GN84,-0.494025,66,0.10376763847329566,1.1249701940388415,4837,466,4371
625,10/09/22 00:00,07/09/22 00:00,GN84,-0.494025,72,0.27081747776356496,1.0776421916635068,4708,464,4244
626,10/09/22 06:00,07/09/22 00:00,GN84,-0.494025,78,0.34468549120916875,1.2251432905000723,4502,470,4032
627,10/09/22 12:00,07/09/22 00:00,GN84,-0.494025,84,0.24510000943062188,1.1978388516582226,4856,465,4391
628,10/09/22 18:00,07/09/22 00:00,GN84,-0.494025,90,-0.028042141462917797,1.0656518628591307,4897,469,4428
629,11/09/22 00:00,07/09/22 00:00,GN84,-0.494025,96,0.15030804475416168,0.9813016397372065,4903,471,4432
630,08/09/22 00:00,08/09/22 00:00,GN84,-0.494025,0,0.1718383110079086,1.1775889776809567,4910,473,4437
631,08/09/22 06:00,08/09/22 00:00,GN84,-0.494025,6,0.30142153329163646,1.2736666512363817,4475,476,3999
632,08/09/22 12:00,08/09/22 00:00,GN84,-0.494025,12,0.2592338710252497,1.3368839723349266,4920,475,4445
633,08/09/22 18:00,08/09/22 00:00,GN84,-0.494025,18,0.0946541690252791,1.1203827549585939,4853,476,4377
634,09/09/22 00:00,08/09/22 00:00,GN84,-0.494025,24,0.22901902284563733,1.1179999152075382,4857,469,4388
635,09/09/22 06:00,08/09/22 00:00,GN84,-0.494025,30,0.3526406736054048,1.3060773857715762,4638,470,4168
636,09/09/22 12:00,08/09/22 00:00,GN84,-0.494025,36,0.32216822002043155,1.3518317986754365,4846,466,4380
637,09/09/22 18:00,08/09/22 00:00,GN84,-0.494025,42,0.06766895203822741,1.1075213724506465,4837,466,4371
638,10/09/22 00:00,08/09/22 00:00,GN84,-0.494025,48,0.23323705348383686,1.0594776534767132,4708,464,4244
639,10/09/22 06:00,08/09/22 00:00,GN84,-0.494025,54,0.31042560791816387,1.2082977010605511,4502,470,4032
640,10/09/22 12:00,08/09/22 00:00,GN84,-0.494025,60,0.2092116043556993,1.180306325516152,4856,465,4391
641,10/09/22 18:00,08/09/22 00:00,GN84,-0.494025,66,-0.06829224084064103,1.053359902454739,4897,469,4428
642,11/09/22 00:00,08/09/22 00:00,GN84,-0.494025,72,0.10986603000163458,0.9604515979454613,4903,471,4432
643,11/09/22 06:00,08/09/22 00:00,GN84,-0.494025,78,0.1917254551386329,1.0175008409291146,4425,467,3958
644,11/09/22 12:00,08/09/22 00:00,GN84,-0.494025,84,0.12244921106366113,1.0425043655507882,4800,471,4329
645,11/09/22 18:00,08/09/22 00:00,GN84,-0.494025,90,-0.05818700973223166,1.0387356719727479,4818,468,4350
646,12/09/22 00:00,08/09/22 00:00,GN84,-0.494025,96,0.11775890835494869,1.0407518973290484,4778,470,4308
647,09/09/22 00:00,09/09/22 00:00,GN84,-0.494025,0,0.1916979238267744,1.1183848041937476,4857,469,4388
648,09/09/22 06:00,09/09/22 00:00,GN84,-0.494025,6,0.31258612369538574,1.2985392072055797,4638,470,4168
649,09/09/22 12:00,09/09/22 00:00,GN84,-0.494025,12,0.2818205799845953,1.3389946244121618,4846,466,4380
650,09/09/22 18:00,09/09/22 00:00,GN84,-0.494025,18,0.024119261246815637,1.0821389583118788,4837,466,4371
651,10/09/22 00:00,09/09/22 00:00,GN84,-0.494025,24,0.18745956419666765,1.0361212990737525,4708,464,4244
652,10/09/22 06:00,09/09/22 00:00,GN84,-0.494025,30,0.2709413073044183,1.1831856907884157,4502,470,4032
653,10/09/22 12:00,09/09/22 00:00,GN84,-0.494025,36,0.171279523153437,1.156188612140893,4856,465,4391
654,10/09/22 18:00,09/09/22 00:00,GN84,-0.494025,42,-0.09551017686989446,1.0420330290363724,4897,469,4428
655,11/09/22 00:00,09/09/22 00:00,GN84,-0.494025,48,0.08285773256633547,0.9533216474931403,4903,471,4432
656,11/09/22 06:00,09/09/22 00:00,GN84,-0.494025,54,0.1675232225834088,1.0061805503914918,4425,467,3958
657,11/09/22 12:00,09/09/22 00:00,GN84,-0.494025,60,0.10077660169865556,1.0340779764372332,4800,471,4329
658,11/09/22 18:00,09/09/22 00:00,GN84,-0.494025,66,-0.07703071579136829,1.0303490874716883,4818,468,4350
659,12/09/22 00:00,09/09/22 00:00,GN84,-0.494025,72,0.10224281067393103,1.0124919794504972,4778,470,4308
660,12/09/22 06:00,09/09/22 00:00,GN84,-0.494025,78,0.22986590035512267,1.0549939259902235,4496,463,4033
661,12/09/22 12:00,09/09/22 00:00,GN84,-0.494025,84,0.163621430430639,1.0574770945145926,4796,468,4328
662,12/09/22 18:00,09/09/22 00:00,GN84,-0.494025,90,-0.09321270555349868,0.9503507514060143,4790,467,4323
663,13/09/22 00:00,09/09/22 00:00,GN84,-0.494025,96,0.09460750582184217,0.9730222970421556,4795,465,4330
664,10/09/22 00:00,10/09/22 00:00,GN84,-0.494025,0,0.15363688041252022,0.9767838875738032,4708,464,4244
665,10/09/22 06:00,10/09/22 00:00,GN84,-0.494025,6,0.23667639097780244,1.1229094602169372,4502,470,4032
666,10/09/22 12:00,10/09/22 00:00,GN84,-0.494025,12,0.1491028001743528,1.0874166632503377,4856,465,4391
667,10/09/22 18:00,10/09/22 00:00,GN84,-0.494025,18,-0.11584833693875612,0.9731779397886643,4897,469,4428
668,11/09/22 00:00,10/09/22 00:00,GN84,-0.494025,24,0.07173551860280956,0.8956441398004484,4903,471,4432
669,11/09/22 06:00,10/09/22 00:00,GN84,-0.494025,30,0.1557169913034431,0.940471225120135,4425,467,3958
670,11/09/22 12:00,10/09/22 00:00,GN84,-0.494025,36,0.0911014742970574,0.9597486247058897,4800,471,4329
671,11/09/22 18:00,10/09/22 00:00,GN84,-0.494025,42,-0.07887205050059656,0.9623510815975042,4818,468,4350
672,12/09/22 00:00,10/09/22 00:00,GN84,-0.494025,48,0.09421397248482863,0.9495937781488615,4778,470,4308
673,12/09/22 06:00,10/09/22 00:00,GN84,-0.494025,54,0.22226365908430237,0.9974935491989732,4496,463,4033
674,12/09/22 12:00,10/09/22 00:00,GN84,-0.494025,60,0.15556724729419943,0.9936230630456258,4796,468,4328
675,12/09/22 18:00,10/09/22 00:00,GN84,-0.494025,66,-0.10922183122613072,0.8968725840040148,4790,467,4323
676,13/09/22 00:00,10/09/22 00:00,GN84,-0.494025,72,0.08317631028383508,0.9124099707421822,4795,465,4330
677,13/09/22 06:00,10/09/22 00:00,GN84,-0.494025,78,0.20434543499144076,0.9573798804830987,4591,467,4124
678,13/09/22 12:00,10/09/22 00:00,GN84,-0.494025,84,0.20527927429239887,1.0547730546412297,4827,465,4362
679,13/09/22 18:00,10/09/22 00:00,GN84,-0.494025,90,0.002861650597567535,0.9264609953817157,4826,475,4351
680,14/09/22 00:00,10/09/22 00:00,GN84,-0.494025,96,0.12632481755196617,0.8863490364282081,4825,469,4356
681,11/09/22 00:00,11/09/22 00:00,GN84,-0.494025,0,0.021764482490534174,0.8485192244500442,4903,471,4432
682,11/09/22 06:00,11/09/22 00:00,GN84,-0.494025,6,0.11189567978144006,0.8864902446115513,4425,467,3958
683,11/09/22 12:00,11/09/22 00:00,GN84,-0.494025,12,0.053232362750745436,0.9157365777244822,4800,471,4329
684,11/09/22 18:00,11/09/22 00:00,GN84,-0.494025,18,-0.11775851638702223,0.921780153540859,4818,468,4350
685,12/09/22 00:00,11/09/22 00:00,GN84,-0.494025,24,0.05773927609525795,0.9153374481024333,4778,470,4308
686,12/09/22 06:00,11/09/22 00:00,GN84,-0.494025,30,0.18203929120100937,0.9619816808428696,4496,463,4033
687,12/09/22 12:00,11/09/22 00:00,GN84,-0.494025,36,0.11663880270686454,0.9582876657806737,4796,468,4328
688,12/09/22 18:00,11/09/22 00:00,GN84,-0.494025,42,-0.15126252889253802,0.8634085591162229,4790,467,4323
689,13/09/22 00:00,11/09/22 00:00,GN84,-0.494025,48,0.03901018402495187,0.869611748392118,4795,465,4330
690,13/09/22 06:00,11/09/22 00:00,GN84,-0.494025,54,0.163153720277938,0.9194647486261432,4591,467,4124
691,13/09/22 12:00,11/09/22 00:00,GN84,-0.494025,60,0.16303423282403284,1.0142515110116366,4827,465,4362
692,13/09/22 18:00,11/09/22 00:00,GN84,-0.494025,66,-0.04208698853729965,0.9000537835317983,4826,475,4351
693,14/09/22 00:00,11/09/22 00:00,GN84,-0.494025,72,0.08642292106967286,0.8646556374104569,4825,469,4356
694,14/09/22 06:00,11/09/22 00:00,GN84,-0.494025,78,0.20119453755763858,1.0815779431892474,4489,465,4024
695,14/09/22 12:00,11/09/22 00:00,GN84,-0.494025,84,0.2627836911523695,1.2895383621040242,4811,468,4343
696,14/09/22 18:00,11/09/22 00:00,GN84,-0.494025,90,-0.010546192303289648,1.0602301979099087,4858,474,4384
697,15/09/22 00:00,11/09/22 00:00,GN84,-0.494025,96,0.11734691982224889,0.9780891538108618,4794,468,4326
698,12/09/22 00:00,12/09/22 00:00,GN84,-0.494025,0,0.05352939062148339,0.911280255338,4778,470,4308
699,12/09/22 06:00,12/09/22 00:00,GN84,-0.494025,6,0.18198547157450026,0.9504056363103257,4496,463,4033
700,12/09/22 12:00,12/09/22 00:00,GN84,-0.494025,12,0.12042894653289261,0.9412565362891022,4796,468,4328
701,12/09/22 18:00,12/09/22 00:00,GN84,-0.494025,18,-0.14281219554759358,0.8346544812044713,4790,467,4323
702,13/09/22 00:00,12/09/22 00:00,GN84,-0.494025,24,0.04583426356593585,0.8427260897105945,4795,465,4330
703,13/09/22 06:00,12/09/22 00:00,GN84,-0.494025,30,0.1668535432929454,0.8976737986198166,4591,467,4124
704,13/09/22 12:00,12/09/22 00:00,GN84,-0.494025,36,0.1650010031474011,0.9896146625148412,4827,465,4362
705,13/09/22 18:00,12/09/22 00:00,GN84,-0.494025,42,-0.03958911873293206,0.8787448555481719,4826,475,4351
706,14/09/22 00:00,12/09/22 00:00,GN84,-0.494025,48,0.0877735718436921,0.8405427245161876,4825,469,4356
707,14/09/22 06:00,12/09/22 00:00,GN84,-0.494025,54,0.2069870087843417,1.0572993651598506,4489,465,4024
708,14/09/22 12:00,12/09/22 00:00,GN84,-0.494025,60,0.2681929047789684,1.2764739556941689,4811,468,4343
709,14/09/22 18:00,12/09/22 00:00,GN84,-0.494025,66,-0.009042193996779278,1.0312798814694368,4858,474,4384
710,15/09/22 00:00,12/09/22 00:00,GN84,-0.494025,72,0.11363217552464118,0.9445352952216368,4794,468,4326
711,15/09/22 06:00,12/09/22 00:00,GN84,-0.494025,78,0.26412082265534925,1.1019330241312306,4440,467,3973
712,15/09/22 12:00,12/09/22 00:00,GN84,-0.494025,84,0.3446360036450443,1.4379180961842648,4894,473,4421
713,15/09/22 18:00,12/09/22 00:00,GN84,-0.494025,90,0.1337704378825612,1.1900476971645404,4778,471,4307
714,16/09/22 00:00,12/09/22 00:00,GN84,-0.494025,96,0.2543873349937286,1.0772070154725657,4717,464,4253
715,13/09/22 00:00,13/09/22 00:00,GN84,-0.494025,0,-0.0063223211609954606,0.8346218800247173,4795,465,4330
716,13/09/22 06:00,13/09/22 00:00,GN84,-0.494025,6,0.11856954676013941,0.8913049437442054,4591,467,4124
717,13/09/22 12:00,13/09/22 00:00,GN84,-0.494025,12,0.12348776085801443,0.9870895159947946,4827,465,4362
718,13/09/22 18:00,13/09/22 00:00,GN84,-0.494025,18,-0.07969656782400036,0.8775641554320592,4826,475,4351
719,14/09/22 00:00,13/09/22 00:00,GN84,-0.494025,24,0.04371440214993592,0.8516091208204761,4825,469,4356
720,14/09/22 06:00,13/09/22 00:00,GN84,-0.494025,30,0.16380928449370213,1.0517535303163583,4489,465,4024
721,14/09/22 12:00,13/09/22 00:00,GN84,-0.494025,36,0.22405468854767685,1.2616770673756488,4811,468,4343
722,14/09/22 18:00,13/09/22 00:00,GN84,-0.494025,42,-0.054325057743915654,1.0366778857706118,4858,474,4384
723,15/09/22 00:00,13/09/22 00:00,GN84,-0.494025,48,0.06710883000379224,0.9496015371280729,4794,468,4326
724,15/09/22 06:00,13/09/22 00:00,GN84,-0.494025,54,0.21667189684459745,1.107969943067471,4440,467,3973
725,15/09/22 12:00,13/09/22 00:00,GN84,-0.494025,60,0.30279791172494835,1.4355670381817738,4894,473,4421
726,15/09/22 18:00,13/09/22 00:00,GN84,-0.494025,66,0.09564726458959076,1.2041315727723383,4778,471,4307
727,16/09/22 00:00,13/09/22 00:00,GN84,-0.494025,72,0.2151257033424579,1.09381207838315,4717,464,4253
728,16/09/22 06:00,13/09/22 00:00,GN84,-0.494025,78,0.37939511464760256,1.4450679211004096,4515,458,4057
729,16/09/22 12:00,13/09/22 00:00,GN84,-0.494025,84,0.3681388259287605,1.5455307151913462,4807,470,4337
730,16/09/22 18:00,13/09/22 00:00,GN84,-0.494025,90,0.05851849751394375,1.1767404005164461,4845,479,4366
731,17/09/22 00:00,13/09/22 00:00,GN84,-0.494025,96,0.22632249162671045,1.1163587544627707,4785,475,4310
732,14/09/22 00:00,14/09/22 00:00,GN84,-0.494025,0,0.047458162230851586,0.8432743321943189,4825,469,4356
733,14/09/22 06:00,14/09/22 00:00,GN84,-0.494025,6,0.1603040111745683,1.06642321893876,4489,465,4024
734,14/09/22 12:00,14/09/22 00:00,GN84,-0.494025,12,0.2227513852042933,1.2847236625280187,4811,468,4343
735,14/09/22 18:00,14/09/22 00:00,GN84,-0.494025,18,-0.05388387696406362,1.0300686848279967,4858,474,4384
736,15/09/22 00:00,14/09/22 00:00,GN84,-0.494025,24,0.06670879559206588,0.9385121788909716,4794,468,4326
737,15/09/22 06:00,14/09/22 00:00,GN84,-0.494025,30,0.2124448713475111,1.1152613077185616,4440,467,3973
738,15/09/22 12:00,14/09/22 00:00,GN84,-0.494025,36,0.29984997102979516,1.458787254378436,4894,473,4421
739,15/09/22 18:00,14/09/22 00:00,GN84,-0.494025,42,0.0960316584244593,1.2226037957250218,4778,471,4307
740,16/09/22 00:00,14/09/22 00:00,GN84,-0.494025,48,0.21389376423641557,1.1020330314879359,4717,464,4253
741,16/09/22 06:00,14/09/22 00:00,GN84,-0.494025,54,0.37356577915375827,1.4624573964406977,4515,458,4057
742,16/09/22 12:00,14/09/22 00:00,GN84,-0.494025,60,0.3633026509232111,1.564491435238833,4807,470,4337
743,16/09/22 18:00,14/09/22 00:00,GN84,-0.494025,66,0.06316557619837788,1.187911008432714,4845,479,4366
744,17/09/22 00:00,14/09/22 00:00,GN84,-0.494025,72,0.23361919790907024,1.127030374578018,4785,475,4310
745,17/09/22 06:00,14/09/22 00:00,GN84,-0.494025,78,0.3667076996420528,1.3772558779130541,4642,463,4179
746,17/09/22 12:00,14/09/22 00:00,GN84,-0.494025,84,0.3503273968814982,1.4969511389274357,4854,470,4384
747,17/09/22 18:00,14/09/22 00:00,GN84,-0.494025,90,0.09057210560615114,1.2398579553111697,4867,474,4393
748,18/09/22 00:00,14/09/22 00:00,GN84,-0.494025,96,0.2582134840288813,1.15045228112127,4761,475,4286
749,15/09/22 00:00,15/09/22 00:00,GN84,-0.494025,0,0.06523906129611318,0.9453760188691795,4794,468,4326
750,15/09/22 06:00,15/09/22 00:00,GN84,-0.494025,6,0.21198303925106743,1.1190313274818502,4440,467,3973
751,15/09/22 12:00,15/09/22 00:00,GN84,-0.494025,12,0.30040013891309003,1.4703065274949636,4894,473,4421
752,15/09/22 18:00,15/09/22 00:00,GN84,-0.494025,18,0.09603325392430385,1.2377410572921481,4778,471,4307
753,16/09/22 00:00,15/09/22 00:00,GN84,-0.494025,24,0.2127482163716056,1.103934257457756,4717,464,4253
754,16/09/22 06:00,15/09/22 00:00,GN84,-0.494025,30,0.37595320907613194,1.4746161503378938,4515,458,4057
755,16/09/22 12:00,15/09/22 00:00,GN84,-0.494025,36,0.36572184353532794,1.5798634721235336,4807,470,4337
756,16/09/22 18:00,15/09/22 00:00,GN84,-0.494025,42,0.06452807461656071,1.2019757753962301,4845,479,4366
757,17/09/22 00:00,15/09/22 00:00,GN84,-0.494025,48,0.23397057583558953,1.1331744696878132,4785,475,4310
758,17/09/22 06:00,15/09/22 00:00,GN84,-0.494025,54,0.36526744834218794,1.3872643149527537,4642,463,4179
759,17/09/22 12:00,15/09/22 00:00,GN84,-0.494025,60,0.34802961753188494,1.5125485157288936,4854,470,4384
760,17/09/22 18:00,15/09/22 00:00,GN84,-0.494025,66,0.09128599324073725,1.2589807351605822,4867,474,4393
761,18/09/22 00:00,15/09/22 00:00,GN84,-0.494025,72,0.25806188340958564,1.164693371123279,4761,475,4286
762,18/09/22 06:00,15/09/22 00:00,GN84,-0.494025,78,0.2966212102973474,1.1575852684124073,4648,469,4179
763,18/09/22 12:00,15/09/22 00:00,GN84,-0.494025,84,0.2044954132467775,1.2897670789449855,4796,479,4317
764,18/09/22 18:00,15/09/22 00:00,GN84,-0.494025,90,-0.034152001823544983,1.0697737939216436,4839,480,4359
765,19/09/22 00:00,15/09/22 00:00,GN84,-0.494025,96,0.16232187013138163,1.0923279149347611,4791,475,4316
766,16/09/22 00:00,16/09/22 00:00,GN84,-0.494025,0,0.2050758007042434,1.0763700781878767,4717,464,4253
767,16/09/22 06:00,16/09/22 00:00,GN84,-0.494025,6,0.36609302136108274,1.4476640975733719,4515,458,4057
768,16/09/22 12:00,16/09/22 00:00,GN84,-0.494025,12,0.3594662553513015,1.5510351895211516,4807,470,4337
769,16/09/22 18:00,16/09/22 00:00,GN84,-0.494025,18,0.055240030890617686,1.1733924235051274,4845,479,4366
770,17/09/22 00:00,16/09/22 00:00,GN84,-0.494025,24,0.22291918543594277,1.1069721586857033,4785,475,4310
771,17/09/22 06:00,16/09/22 00:00,GN84,-0.494025,30,0.3606328114650135,1.3604025854204533,4642,463,4179
772,17/09/22 12:00,16/09/22 00:00,GN84,-0.494025,36,0.34244526347253046,1.486831875444706,4854,470,4384
773,17/09/22 18:00,16/09/22 00:00,GN84,-0.494025,42,0.08689966387954365,1.2290037472138096,4867,474,4393
774,18/09/22 00:00,16/09/22 00:00,GN84,-0.494025,48,0.25418727635777655,1.1313593241621367,4761,475,4286
775,18/09/22 06:00,16/09/22 00:00,GN84,-0.494025,54,0.29390308644470825,1.1278232630987044,4648,469,4179
776,18/09/22 12:00,16/09/22 00:00,GN84,-0.494025,60,0.19784761508048754,1.2667370757274252,4796,479,4317
777,18/09/22 18:00,16/09/22 00:00,GN84,-0.494025,66,-0.04069180982773756,1.0463353916843943,4839,480,4359
778,19/09/22 00:00,16/09/22 00:00,GN84,-0.494025,72,0.15875614884390848,1.0653386548423327,4791,475,4316
779,19/09/22 06:00,16/09/22 00:00,GN84,-0.494025,78,0.2911854026944169,1.219583587114168,4590,469,4121
780,19/09/22 12:00,16/09/22 00:00,GN84,-0.494025,84,0.2529411898446408,1.2471693267348636,4844,474,4370
781,19/09/22 18:00,16/09/22 00:00,GN84,-0.494025,90,0.0040570165244740355,1.093237893863405,4862,479,4383
782,20/09/22 00:00,16/09/22 00:00,GN84,-0.494025,96,0.16302291936244337,0.9640730577743176,4801,481,4320
783,17/09/22 00:00,17/09/22 00:00,GN84,-0.494025,0,0.20747228472190676,1.0308576928199986,4785,475,4310
784,17/09/22 06:00,17/09/22 00:00,GN84,-0.494025,6,0.34853005167013296,1.2711378701990739,4642,463,4179
785,17/09/22 12:00,17/09/22 00:00,GN84,-0.494025,12,0.33260397913023965,1.3958984771802074,4854,470,4384
786,17/09/22 18:00,17/09/22 00:00,GN84,-0.494025,18,0.07377232660087127,1.1422357856815366,4867,474,4393
787,18/09/22 00:00,17/09/22 00:00,GN84,-0.494025,24,0.23996429669892105,1.0476325172631171,4761,475,4286
788,18/09/22 06:00,17/09/22 00:00,GN84,-0.494025,30,0.2850099182834459,1.0385648384425672,4648,469,4179
789,18/09/22 12:00,17/09/22 00:00,GN84,-0.494025,36,0.19864255342532963,1.1849490417610353,4796,479,4317
790,18/09/22 18:00,17/09/22 00:00,GN84,-0.494025,42,-0.0457281873052656,0.9742688477693581,4839,480,4359
791,19/09/22 00:00,17/09/22 00:00,GN84,-0.494025,48,0.14483358250748543,0.9902028035251695,4791,475,4316
792,19/09/22 06:00,17/09/22 00:00,GN84,-0.494025,54,0.27656555933220345,1.1297882224066382,4590,469,4121
793,19/09/22 12:00,17/09/22 00:00,GN84,-0.494025,60,0.23935855604893258,1.1555092237923286,4844,474,4370
794,19/09/22 18:00,17/09/22 00:00,GN84,-0.494025,66,-0.011184264635178586,1.015160782997606,4862,479,4383
795,20/09/22 00:00,17/09/22 00:00,GN84,-0.494025,72,0.14516045994754573,0.8920090090683213,4801,481,4320
796,20/09/22 06:00,17/09/22 00:00,GN84,-0.494025,78,0.27393973170060215,1.0110110404328796,4872,477,4395
797,20/09/22 12:00,17/09/22 00:00,GN84,-0.494025,84,0.27362204697385667,1.1408262753194454,4958,482,4476
798,20/09/22 18:00,17/09/22 00:00,GN84,-0.494025,90,0.035356460647169026,1.0462104141495063,4916,485,4431
799,21/09/22 00:00,17/09/22 00:00,GN84,-0.494025,96,0.22691968132993406,1.0460725153984514,4932,479,4453
800,18/09/22 00:00,18/09/22 00:00,GN84,-0.494025,0,0.19723047808834068,1.003994129943134,4761,475,4286
801,18/09/22 06:00,18/09/22 00:00,GN84,-0.494025,6,0.24364186440106547,1.0044436212295702,4648,469,4179
802,18/09/22 12:00,18/09/22 00:00,GN84,-0.494025,12,0.16091983599047016,1.1482532697105519,4796,479,4317
803,18/09/22 18:00,18/09/22 00:00,GN84,-0.494025,18,-0.08096739731467946,0.9274224604786031,4839,480,4359
804,19/09/22 00:00,18/09/22 00:00,GN84,-0.494025,24,0.11123767778688036,0.9443624217159232,4791,475,4316
805,19/09/22 06:00,18/09/22 00:00,GN84,-0.494025,30,0.24568159250263297,1.0796841695283264,4590,469,4121
806,19/09/22 12:00,18/09/22 00:00,GN84,-0.494025,36,0.2084479393311363,1.105548410948212,4844,474,4370
807,19/09/22 18:00,18/09/22 00:00,GN84,-0.494025,42,-0.03958174274834975,0.9748410952712337,4862,479,4383
808,20/09/22 00:00,18/09/22 00:00,GN84,-0.494025,48,0.11509775959426487,0.8556239089514214,4801,481,4320
809,20/09/22 06:00,18/09/22 00:00,GN84,-0.494025,54,0.2421168264988542,0.9615905048144812,4872,477,4395
810,20/09/22 12:00,18/09/22 00:00,GN84,-0.494025,60,0.23643382421337714,1.0899439960375337,4958,482,4476
811,20/09/22 18:00,18/09/22 00:00,GN84,-0.494025,66,-0.011706511726437102,0.9968516193190532,4916,485,4431
812,21/09/22 00:00,18/09/22 00:00,GN84,-0.494025,72,0.18151570995363778,0.9898635163785361,4932,479,4453
813,21/09/22 06:00,18/09/22 00:00,GN84,-0.494025,78,0.3261419383902589,1.136430467146581,4960,478,4482
814,21/09/22 12:00,18/09/22 00:00,GN84,-0.494025,84,0.275810875169682,1.2372043541833846,5085,488,4597
815,21/09/22 18:00,18/09/22 00:00,GN84,-0.494025,90,0.03478428659650326,0.9816490594607259,5066,488,4578
816,22/09/22 00:00,18/09/22 00:00,GN84,-0.494025,96,0.1649552593131558,0.85481313269258,4896,490,4406
817,19/09/22 00:00,19/09/22 00:00,GN84,-0.494025,0,0.0778745828089494,0.9143344393723514,4791,475,4316
818,19/09/22 06:00,19/09/22 00:00,GN84,-0.494025,6,0.21473671228282226,1.0508394612167784,4590,469,4121
819,19/09/22 12:00,19/09/22 00:00,GN84,-0.494025,12,0.17997669426417023,1.075379658603569,4844,474,4370
820,19/09/22 18:00,19/09/22 00:00,GN84,-0.494025,18,-0.07464312534314704,0.9425565188883254,4862,479,4383
821,20/09/22 00:00,19/09/22 00:00,GN84,-0.494025,24,0.0792087429040534,0.8257469042345703,4801,481,4320
822,20/09/22 06:00,19/09/22 00:00,GN84,-0.494025,30,0.2109080588941013,0.9264581880041475,4872,477,4395
823,20/09/22 12:00,19/09/22 00:00,GN84,-0.494025,36,0.20454593279744218,1.0580062773675296,4958,482,4476
824,20/09/22 18:00,19/09/22 00:00,GN84,-0.494025,42,-0.05480529328009823,0.9616652460798693,4916,485,4431
825,21/09/22 00:00,19/09/22 00:00,GN84,-0.494025,48,0.14371900907714805,0.9452449190496964,4932,479,4453
826,21/09/22 06:00,19/09/22 00:00,GN84,-0.494025,54,0.287973367477483,1.0951308003673768,4960,478,4482
827,21/09/22 12:00,19/09/22 00:00,GN84,-0.494025,60,0.234714289729983,1.1998159995685809,5085,488,4597
828,21/09/22 18:00,19/09/22 00:00,GN84,-0.494025,66,-0.006838947403866593,0.9440883387868269,5066,488,4578
829,22/09/22 00:00,19/09/22 00:00,GN84,-0.494025,72,0.11894642364402279,0.8171937908502256,4896,490,4406
830,22/09/22 06:00,19/09/22 00:00,GN84,-0.494025,78,0.19521673033191847,0.9458703723439077,4596,487,4109
831,22/09/22 12:00,19/09/22 00:00,GN84,-0.494025,84,0.11369464008564317,0.8385367253939262,4996,488,4508
832,22/09/22 18:00,19/09/22 00:00,GN84,-0.494025,90,0.026966192081082207,0.937063324035157,4977,489,4488
833,23/09/22 00:00,19/09/22 00:00,GN84,-0.494025,96,0.2793628626812694,1.1020647430804293,4854,485,4369
834,20/09/22 00:00,20/09/22 00:00,GN84,-0.494025,0,0.04238890596845989,0.8293407020990764,4801,481,4320
835,20/09/22 06:00,20/09/22 00:00,GN84,-0.494025,6,0.1774427606998761,0.9194165535779364,4872,477,4395
836,20/09/22 12:00,20/09/22 00:00,GN84,-0.494025,12,0.17629874829424474,1.0566895605842512,4958,482,4476
837,20/09/22 18:00,20/09/22 00:00,GN84,-0.494025,18,-0.08277075545278192,0.9621029521367723,4916,485,4431
838,21/09/22 00:00,20/09/22 00:00,GN84,-0.494025,24,0.12139829126210269,0.9468927937824573,4932,479,4453
839,21/09/22 06:00,20/09/22 00:00,GN84,-0.494025,30,0.26102141308591253,1.0952569829521743,4960,478,4482
840,21/09/22 12:00,20/09/22 00:00,GN84,-0.494025,36,0.20550769148290157,1.1946753821139544,5085,488,4597
841,21/09/22 18:00,20/09/22 00:00,GN84,-0.494025,42,-0.03140816676744301,0.9430303936165929,5066,488,4578
842,22/09/22 00:00,20/09/22 00:00,GN84,-0.494025,48,0.09672643270428029,0.8135344790888764,4896,490,4406
843,22/09/22 06:00,20/09/22 00:00,GN84,-0.494025,54,0.17387569580230247,0.943869885400871,4596,487,4109
844,22/09/22 12:00,20/09/22 00:00,GN84,-0.494025,60,0.08906870059786048,0.8346950029236117,4996,488,4508
845,22/09/22 18:00,20/09/22 00:00,GN84,-0.494025,66,0.011189123426125021,0.9341402450986865,4977,489,4488
846,23/09/22 00:00,20/09/22 00:00,GN84,-0.494025,72,0.26443331131016795,1.1082993907537841,4854,485,4369
847,23/09/22 06:00,20/09/22 00:00,GN84,-0.494025,78,0.5614072519369906,1.7171966617932437,4826,488,4338
848,23/09/22 12:00,20/09/22 00:00,GN84,-0.494025,84,0.7454586353331244,2.2565854746298073,5002,492,4510
849,23/09/22 18:00,20/09/22 00:00,GN84,-0.494025,90,0.5987806136338888,1.8061927038751504,4999,486,4513
850,24/09/22 00:00,20/09/22 00:00,GN84,-0.494025,96,0.6999558485070606,1.7734382036282403,4946,483,4463
851,21/09/22 00:00,21/09/22 00:00,GN84,-0.494025,0,0.10537926566249212,0.9553421116907521,4932,479,4453
852,21/09/22 06:00,21/09/22 00:00,GN84,-0.494025,6,0.24922555313501052,1.105487330471319,4960,478,4482
853,21/09/22 12:00,21/09/22 00:00,GN84,-0.494025,12,0.2004442392310729,1.2024284762853141,5085,488,4597
854,21/09/22 18:00,21/09/22 00:00,GN84,-0.494025,18,-0.03906070601369871,0.9540273511292512,5066,488,4578
855,22/09/22 00:00,21/09/22 00:00,GN84,-0.494025,24,0.0861294272575966,0.8357971497448758,4896,490,4406
856,22/09/22 06:00,21/09/22 00:00,GN84,-0.494025,30,0.16809202202480655,0.9541466734887054,4596,487,4109
857,22/09/22 12:00,21/09/22 00:00,GN84,-0.494025,36,0.08414321908760322,0.8436212258482523,4996,488,4508
858,22/09/22 18:00,21/09/22 00:00,GN84,-0.494025,42,0.005275510756700662,0.9431978331741355,4977,489,4488
859,23/09/22 00:00,21/09/22 00:00,GN84,-0.494025,48,0.25466675076692585,1.1234370484456782,4854,485,4369
860,23/09/22 06:00,21/09/22 00:00,GN84,-0.494025,54,0.5470130673527489,1.7271952644336002,4826,488,4338
861,23/09/22 12:00,21/09/22 00:00,GN84,-0.494025,60,0.7279967122691513,2.2600740992931128,5002,492,4510
862,23/09/22 18:00,21/09/22 00:00,GN84,-0.494025,66,0.5769453764268712,1.809167275224497,4999,486,4513
863,24/09/22 00:00,21/09/22 00:00,GN84,-0.494025,72,0.6779330698959241,1.7742750696354392,4946,483,4463
864,24/09/22 06:00,21/09/22 00:00,GN84,-0.494025,78,0.8300587050972122,2.110398939929406,4729,485,4244
865,24/09/22 12:00,21/09/22 00:00,GN84,-0.494025,84,0.8092003696813623,2.168648663803633,4981,495,4486
866,24/09/22 18:00,21/09/22 00:00,GN84,-0.494025,90,0.5241582789999117,1.4965408887019724,4989,473,4516
867,25/09/22 00:00,21/09/22 00:00,GN84,-0.494025,96,0.492316614642032,1.3952361469141297,4873,476,4397
868,22/09/22 00:00,22/09/22 00:00,GN84,-0.494025,0,0.08993852960117081,0.8311455667862562,4896,490,4406
869,22/09/22 06:00,22/09/22 00:00,GN84,-0.494025,6,0.16927073413433866,0.9512879082338016,4596,487,4109
870,22/09/22 12:00,22/09/22 00:00,GN84,-0.494025,12,0.08094886308809145,0.843506565723429,4996,488,4508
871,22/09/22 18:00,22/09/22 00:00,GN84,-0.494025,18,0.0014341082152079221,0.9368918313866119,4977,489,4488
872,23/09/22 00:00,22/09/22 00:00,GN84,-0.494025,24,0.2503733028308974,1.1169814551842265,4854,485,4369
873,23/09/22 06:00,22/09/22 00:00,GN84,-0.494025,30,0.5395474865431262,1.7305609022801387,4826,488,4338
874,23/09/22 12:00,22/09/22 00:00,GN84,-0.494025,36,0.7138609717973601,2.2628405169281276,5002,492,4510
875,23/09/22 18:00,22/09/22 00:00,GN84,-0.494025,42,0.555525572149206,1.8105724491384891,4999,486,4513
876,24/09/22 00:00,22/09/22 00:00,GN84,-0.494025,48,0.6572625004533018,1.770246217930199,4946,483,4463
877,24/09/22 06:00,22/09/22 00:00,GN84,-0.494025,54,0.8055558122695261,2.1069096381798817,4729,485,4244
878,24/09/22 12:00,22/09/22 00:00,GN84,-0.494025,60,0.7861118226053371,2.162932962360283,4981,495,4486
879,24/09/22 18:00,22/09/22 00:00,GN84,-0.494025,66,0.5011643992579298,1.4859313044710567,4989,473,4516
880,25/09/22 00:00,22/09/22 00:00,GN84,-0.494025,72,0.4677496054087332,1.3893563014684456,4873,476,4397
881,25/09/22 06:00,22/09/22 00:00,GN84,-0.494025,78,0.6470938316978795,1.494833931575334,4643,472,4171
882,25/09/22 12:00,22/09/22 00:00,GN84,-0.494025,84,0.6183656468571878,1.4563469061135235,4883,479,4404
883,25/09/22 18:00,22/09/22 00:00,GN84,-0.494025,90,0.3699950909011161,1.0731324789057664,4932,483,4449
884,26/09/22 00:00,22/09/22 00:00,GN84,-0.494025,96,0.5022742279148145,1.1706655329230908,4870,492,4378
885,23/09/22 00:00,23/09/22 00:00,GN84,-0.494025,0,0.2513406394810378,1.1345074959063643,4854,485,4369
886,23/09/22 06:00,23/09/22 00:00,GN84,-0.494025,6,0.5306523437458529,1.7462410349611304,4826,488,4338
887,23/09/22 12:00,23/09/22 00:00,GN84,-0.494025,12,0.7061391323578794,2.2796916964009406,5002,492,4510
888,23/09/22 18:00,23/09/22 00:00,GN84,-0.494025,18,0.5481049148057352,1.8314939439049929,4999,486,4513
889,24/09/22 00:00,23/09/22 00:00,GN84,-0.494025,24,0.6472360064173013,1.788154505984387,4946,483,4463
890,24/09/22 06:00,23/09/22 00:00,GN84,-0.494025,30,0.7933257323623014,2.1253544618451987,4729,485,4244
891,24/09/22 12:00,23/09/22 00:00,GN84,-0.494025,36,0.7737787146984005,2.1770467949642303,4981,495,4486
892,24/09/22 18:00,23/09/22 00:00,GN84,-0.494025,42,0.48825260875467336,1.4969981256196851,4989,473,4516
893,25/09/22 00:00,23/09/22 00:00,GN84,-0.494025,48,0.45823962276178015,1.3998048226487119,4873,476,4397
894,25/09/22 06:00,23/09/22 00:00,GN84,-0.494025,54,0.6349563923086297,1.5044778809002066,4643,472,4171
895,25/09/22 12:00,23/09/22 00:00,GN84,-0.494025,60,0.6026540359490129,1.4703782653109219,4883,479,4404
896,25/09/22 18:00,23/09/22 00:00,GN84,-0.494025,66,0.357609960942476,1.0808559043342227,4932,483,4449
897,26/09/22 00:00,23/09/22 00:00,GN84,-0.494025,72,0.48773890995306707,1.1835849385398545,4870,492,4378
898,26/09/22 06:00,23/09/22 00:00,GN84,-0.494025,78,0.5972452513866864,1.2729833902219692,4695,480,4215
899,26/09/22 12:00,23/09/22 00:00,GN84,-0.494025,84,0.6327036501850094,1.384515368120072,4994,488,4506
900,26/09/22 18:00,23/09/22 00:00,GN84,-0.494025,90,0.36831794902712744,1.003716004646325,4987,490,4497
901,27/09/22 00:00,23/09/22 00:00,GN84,-0.494025,96,0.49079440259137525,1.0889256315971103,4842,481,4361
902,24/09/22 00:00,24/09/22 00:00,GN84,-0.494025,0,0.6456184587673329,1.7657441322961644,4946,483,4463
903,24/09/22 06:00,24/09/22 00:00,GN84,-0.494025,6,0.7767650817984983,2.0995170325895347,4729,485,4244
904,24/09/22 12:00,24/09/22 00:00,GN84,-0.494025,12,0.7557462089108958,2.1498471306146305,4981,495,4486
905,24/09/22 18:00,24/09/22 00:00,GN84,-0.494025,18,0.46631716563847925,1.474228724245073,4989,473,4516
906,25/09/22 00:00,24/09/22 00:00,GN84,-0.494025,24,0.4357784162184257,1.3830225575557398,4873,476,4397
907,25/09/22 06:00,24/09/22 00:00,GN84,-0.494025,30,0.6080785974058104,1.4775593169238523,4643,472,4171
908,25/09/22 12:00,24/09/22 00:00,GN84,-0.494025,36,0.5776893103688426,1.4405577901740367,4883,479,4404
909,25/09/22 18:00,24/09/22 00:00,GN84,-0.494025,42,0.3384646729399534,1.0409012535434174,4932,483,4449
910,26/09/22 00:00,24/09/22 00:00,GN84,-0.494025,48,0.46543182844784076,1.1398299770236662,4870,492,4378
911,26/09/22 06:00,24/09/22 00:00,GN84,-0.494025,54,0.5690482121631752,1.2427014223311115,4695,480,4215
912,26/09/22 12:00,24/09/22 00:00,GN84,-0.494025,60,0.6070334619876852,1.3755605060054314,4994,488,4506
913,26/09/22 18:00,24/09/22 00:00,GN84,-0.494025,66,0.3493937566813551,0.9783555171973982,4987,490,4497
914,27/09/22 00:00,24/09/22 00:00,GN84,-0.494025,72,0.47122024548137986,1.0612429345788907,4842,481,4361
915,27/09/22 06:00,24/09/22 00:00,GN84,-0.494025,78,0.5812492941814154,1.2203459729645865,4531,474,4057
916,27/09/22 12:00,24/09/22 00:00,GN84,-0.494025,84,0.7006040358774218,1.4063535450554794,5050,492,4558
917,27/09/22 18:00,24/09/22 00:00,GN84,-0.494025,90,0.5774091853759705,1.184010601585766,5117,493,4624
918,28/09/22 00:00,24/09/22 00:00,GN84,-0.494025,96,0.6654299219308007,1.2643184859552923,4988,475,4513
919,25/09/22 00:00,25/09/22 00:00,GN84,-0.494025,0,0.3198277749968213,1.294348924436529,4873,476,4397
920,25/09/22 06:00,25/09/22 00:00,GN84,-0.494025,6,0.4863511777269324,1.3814599989356526,4643,472,4171
921,25/09/22 12:00,25/09/22 00:00,GN84,-0.494025,12,0.454806616048917,1.3455683410962744,4883,479,4404
922,25/09/22 18:00,25/09/22 00:00,GN84,-0.494025,18,0.21314079062794392,0.9684538686215374,4932,483,4449
923,26/09/22 00:00,25/09/22 00:00,GN84,-0.494025,24,0.3417782123237711,1.0570745810102222,4870,492,4378
924,26/09/22 06:00,25/09/22 00:00,GN84,-0.494025,30,0.44510269385955675,1.1558727897979275,4695,480,4215
925,26/09/22 12:00,25/09/22 00:00,GN84,-0.494025,36,0.48439908921177455,1.282226217732594,4994,488,4506
926,26/09/22 18:00,25/09/22 00:00,GN84,-0.494025,42,0.22566645530748664,0.9211092941507165,4987,490,4497
927,27/09/22 00:00,25/09/22 00:00,GN84,-0.494025,48,0.34315655359657826,1.010509945228197,4842,481,4361
928,27/09/22 06:00,25/09/22 00:00,GN84,-0.494025,54,0.4571323316217512,1.1423616283878473,4531,474,4057
929,27/09/22 12:00,25/09/22 00:00,GN84,-0.494025,60,0.5725345556865138,1.314199688366805,5050,492,4558
930,27/09/22 18:00,25/09/22 00:00,GN84,-0.494025,66,0.44992269149600533,1.09585796846531,5117,493,4624
931,28/09/22 00:00,25/09/22 00:00,GN84,-0.494025,72,0.5322873139186405,1.1716713281569333,4988,475,4513
932,28/09/22 06:00,25/09/22 00:00,GN84,-0.494025,78,0.7335223975053329,1.5829905183605368,4431,471,3960
933,28/09/22 12:00,25/09/22 00:00,GN84,-0.494025,84,0.8294593623880535,1.841520932123206,5143,486,4657
934,28/09/22 18:00,25/09/22 00:00,GN84,-0.494025,90,0.6103625091842741,1.3608784713483417,5181,477,4704
935,29/09/22 00:00,25/09/22 00:00,GN84,-0.494025,96,0.6600881543584087,1.3317625487143026,5071,479,4592
936,26/09/22 00:00,26/09/22 00:00,GN84,-0.494025,0,0.22249844181232206,0.9897888734935307,4870,492,4378
937,26/09/22 06:00,26/09/22 00:00,GN84,-0.494025,6,0.3213002624571904,1.0881852735672064,4695,480,4215
938,26/09/22 12:00,26/09/22 00:00,GN84,-0.494025,12,0.3552041388159701,1.2152911282231982,4994,488,4506
939,26/09/22 18:00,26/09/22 00:00,GN84,-0.494025,18,0.09688411480063498,0.8696343835554693,4987,490,4497
940,27/09/22 00:00,26/09/22 00:00,GN84,-0.494025,24,0.21355499678811782,0.9666852499307333,4842,481,4361
941,27/09/22 06:00,26/09/22 00:00,GN84,-0.494025,30,0.3180545784335507,1.081497603102851,4531,474,4057
942,27/09/22 12:00,26/09/22 00:00,GN84,-0.494025,36,0.42664709937611295,1.2403187939610942,5050,492,4558
943,27/09/22 18:00,26/09/22 00:00,GN84,-0.494025,42,0.3042880235388582,1.0356685588159444,5117,493,4624
944,28/09/22 00:00,26/09/22 00:00,GN84,-0.494025,48,0.3910180166092728,1.1064608044478204,4988,475,4513
945,28/09/22 06:00,26/09/22 00:00,GN84,-0.494025,54,0.5924235442568845,1.510288516030545,4431,471,3960
946,28/09/22 12:00,26/09/22 00:00,GN84,-0.494025,60,0.6823908434088376,1.7702903101506824,5143,486,4657
947,28/09/22 18:00,26/09/22 00:00,GN84,-0.494025,66,0.4760324154572987,1.2957544230383682,5181,477,4704
948,29/09/22 00:00,26/09/22 00:00,GN84,-0.494025,72,0.5293853218060149,1.2751452477635548,5071,479,4592
949,29/09/22 06:00,26/09/22 00:00,GN84,-0.494025,78,0.7066665107387687,1.5225368121608054,4569,474,4095
950,29/09/22 12:00,26/09/22 00:00,GN84,-0.494025,84,0.7546560467053571,1.7435755515556448,5312,498,4814
951,29/09/22 18:00,26/09/22 00:00,GN84,-0.494025,90,0.6507692009062739,1.444587270268085,5247,500,4747
952,30/09/22 00:00,26/09/22 00:00,GN84,-0.494025,96,0.7630275867783166,1.511177202159954,5134,498,4636
953,27/09/22 00:00,27/09/22 00:00,GN84,-0.494025,0,0.14299367831737334,0.9406786100822879,4842,481,4361
954,27/09/22 06:00,27/09/22 00:00,GN84,-0.494025,6,0.24296003518299528,1.0474467927872761,4531,474,4057
955,27/09/22 12:00,27/09/22 00:00,GN84,-0.494025,12,0.3377381228143763,1.2029941331627942,5050,492,4558
956,27/09/22 18:00,27/09/22 00:00,GN84,-0.494025,18,0.2187936774639893,0.9945798824950446,5117,493,4624
957,28/09/22 00:00,27/09/22 00:00,GN84,-0.494025,24,0.3059907096118189,1.0670107212810316,4988,475,4513
958,28/09/22 06:00,27/09/22 00:00,GN84,-0.494025,30,0.5044786786432539,1.4711747358328309,4431,471,3960
959,28/09/22 12:00,27/09/22 00:00,GN84,-0.494025,36,0.5904658258223912,1.7423527644379124,5143,486,4657
960,28/09/22 18:00,27/09/22 00:00,GN84,-0.494025,42,0.3946062461961401,1.2690372240231633,5181,477,4704
961,29/09/22 00:00,27/09/22 00:00,GN84,-0.494025,48,0.4523047911648688,1.2405086747226415,5071,479,4592
962,29/09/22 06:00,27/09/22 00:00,GN84,-0.494025,54,0.6218667198148309,1.4902504904499554,4569,474,4095
963,29/09/22 12:00,27/09/22 00:00,GN84,-0.494025,60,0.6679221892170235,1.710401069379856,5312,498,4814
964,29/09/22 18:00,27/09/22 00:00,GN84,-0.494025,66,0.5594656351413461,1.40760052083383,5247,500,4747
965,30/09/22 00:00,27/09/22 00:00,GN84,-0.494025,72,0.676698317936953,1.473439058067661,5134,498,4636
966,30/09/22 06:00,27/09/22 00:00,GN84,-0.494025,78,0.7943840476195698,1.683406625214246,4563,488,4075
967,30/09/22 12:00,27/09/22 00:00,GN84,-0.494025,84,0.7657688192527996,1.6911433797251076,5249,496,4753
968,30/09/22 18:00,27/09/22 00:00,GN84,-0.494025,90,0.6390706949405781,1.624038514896696,5261,498,4763
969,01/10/22 00:00,27/09/22 00:00,GN84,-0.494025,96,0.7588002316442076,1.6312166729271558,4531,487,4044
970,28/09/22 00:00,28/09/22 00:00,GN84,-0.494025,0,0.26981216072102154,1.0477745295752416,4988,475,4513
971,28/09/22 06:00,28/09/22 00:00,GN84,-0.494025,6,0.4563150427241835,1.4540791206851755,4431,471,3960
972,28/09/22 12:00,28/09/22 00:00,GN84,-0.494025,12,0.5367794170886031,1.7353077941575736,5143,486,4657
973,28/09/22 18:00,28/09/22 00:00,GN84,-0.494025,18,0.3398139852014208,1.2536025471634367,5181,477,4704
974,29/09/22 00:00,28/09/22 00:00,GN84,-0.494025,24,0.3973559109874712,1.2214635993651097,5071,479,4592
975,29/09/22 06:00,28/09/22 00:00,GN84,-0.494025,30,0.5637242282872585,1.4820967709381079,4569,474,4095
976,29/09/22 12:00,28/09/22 00:00,GN84,-0.494025,36,0.6057495949152232,1.7061107749872078,5312,498,4814
977,29/09/22 18:00,28/09/22 00:00,GN84,-0.494025,42,0.49631864667081577,1.3958242915809977,5247,500,4747
978,30/09/22 00:00,28/09/22 00:00,GN84,-0.494025,48,0.6115227896421757,1.467849782020974,5134,498,4636
979,30/09/22 06:00,28/09/22 00:00,GN84,-0.494025,54,0.7286587575668063,1.67673357449833,4563,488,4075
980,30/09/22 12:00,28/09/22 00:00,GN84,-0.494025,60,0.6972331843707053,1.6904727691306243,5249,496,4753
981,30/09/22 18:00,28/09/22 00:00,GN84,-0.494025,66,0.5681160945534574,1.614800734764781,5261,498,4763
982,01/10/22 00:00,28/09/22 00:00,GN84,-0.494025,72,0.6906463151954872,1.619640134582901,4531,487,4044
983,01/10/22 06:00,28/09/22 00:00,GN84,-0.494025,78,1.3340103660277876,1.8458912804180572,3762,261,3501
984,01/10/22 12:00,28/09/22 00:00,GN84,-0.494025,84,0.712884374755064,1.5679154779747602,5193,489,4704
985,01/10/22 18:00,28/09/22 00:00,GN84,-0.494025,90,0.4576310051486366,1.3278176795931849,5205,488,4717
986,02/10/22 00:00,28/09/22 00:00,GN84,-0.494025,96,0.5804883136527987,1.2586255073998032,5085,475,4610
987,29/09/22 00:00,29/09/22 00:00,GN84,-0.494025,0,0.3577755346668804,1.222173195180225,5071,479,4592
988,29/09/22 06:00,29/09/22 00:00,GN84,-0.494025,6,0.5145900487284395,1.479237163652804,4569,474,4095
989,29/09/22 12:00,29/09/22 00:00,GN84,-0.494025,12,0.5487139898527068,1.706612677436483,5312,498,4814
990,29/09/22 18:00,29/09/22 00:00,GN84,-0.494025,18,0.44243280158062487,1.393517489744893,5247,500,4747
991,30/09/22 00:00,29/09/22 00:00,GN84,-0.494025,24,0.5518309373466814,1.4656577214583923,5134,498,4636
992,30/09/22 06:00,29/09/22 00:00,GN84,-0.494025,30,0.6676908976704181,1.6679955895614553,4563,488,4075
993,30/09/22 12:00,29/09/22 00:00,GN84,-0.494025,36,0.6334664511785976,1.679496431285844,5249,496,4753
994,30/09/22 18:00,29/09/22 00:00,GN84,-0.494025,42,0.49892327806946507,1.6036732227205668,5261,498,4763
995,01/10/22 00:00,29/09/22 00:00,GN84,-0.494025,48,0.6207496157768174,1.6127126012772282,4531,487,4044
996,01/10/22 06:00,29/09/22 00:00,GN84,-0.494025,54,1.2529851037230113,1.8331315778052188,3762,261,3501
997,01/10/22 12:00,29/09/22 00:00,GN84,-0.494025,60,0.639459048931063,1.5624319542787033,5193,489,4704
998,01/10/22 18:00,29/09/22 00:00,GN84,-0.494025,66,0.38452590292991623,1.3195501211851535,5205,488,4717
999,02/10/22 00:00,29/09/22 00:00,GN84,-0.494025,72,0.5097561694056496,1.2429044152232853,5085,475,4610
1000,02/10/22 06:00,29/09/22 00:00,GN84,-0.494025,78,0.6270210929886132,1.4054941471694282,4404,456,3948
1001,02/10/22 12:00,29/09/22 00:00,GN84,-0.494025,84,0.6498993120514253,1.6122175251511401,5135,480,4655
1002,02/10/22 18:00,29/09/22 00:00,GN84,-0.494025,90,0.6093953715283787,1.729961871200465,5165,487,4678
1003,03/10/22 00:00,29/09/22 00:00,GN84,-0.494025,96,0.7914806326911501,1.838653731165296,5112,478,4634
1004,30/09/22 00:00,30/09/22 00:00,GN84,-0.494025,0,0.46485158749283184,1.4270302058731523,5134,498,4636
1005,30/09/22 06:00,30/09/22 00:00,GN84,-0.494025,6,0.5826008428212459,1.6296394368341909,4563,488,4075
1006,30/09/22 12:00,30/09/22 00:00,GN84,-0.494025,12,0.547075124999698,1.6435230759159258,5249,496,4753
1007,30/09/22 18:00,30/09/22 00:00,GN84,-0.494025,18,0.4046098775941007,1.5629410621689337,5261,498,4763
1008,01/10/22 00:00,30/09/22 00:00,GN84,-0.494025,24,0.52712648582907,1.560635436380165,4531,487,4044
1009,01/10/22 06:00,30/09/22 00:00,GN84,-0.494025,30,1.12539488562207,1.764786061884284,3762,261,3501
1010,01/10/22 12:00,30/09/22 00:00,GN84,-0.494025,36,0.5466278590626484,1.5031370409528013,5193,489,4704
1011,01/10/22 18:00,30/09/22 00:00,GN84,-0.494025,42,0.29016782987914486,1.2719751454352797,5205,488,4717
1012,02/10/22 00:00,30/09/22 00:00,GN84,-0.494025,48,0.41667674436768354,1.204092004805504,5085,475,4610
1013,02/10/22 06:00,30/09/22 00:00,GN84,-0.494025,54,0.5311218822835393,1.3579125707633377,4404,456,3948
1014,02/10/22 12:00,30/09/22 00:00,GN84,-0.494025,60,0.5567670005652172,1.565441037842049,5135,480,4655
1015,02/10/22 18:00,30/09/22 00:00,GN84,-0.494025,66,0.5190470619386044,1.6936896214735526,5165,487,4678
1016,03/10/22 00:00,30/09/22 00:00,GN84,-0.494025,72,0.7045312657503645,1.800840155216953,5112,478,4634
1017,03/10/22 06:00,30/09/22 00:00,GN84,-0.494025,78,0.8275517637000824,2.10319580637348,4477,473,4004
1018,03/10/22 12:00,30/09/22 00:00,GN84,-0.494025,84,0.7948258690111976,2.253981485189266,5183,495,4688
1019,03/10/22 18:00,30/09/22 00:00,GN84,-0.494025,90,0.7172005501456908,2.2317920341781794,5019,486,4533
1020,04/10/22 00:00,30/09/22 00:00,GN84,-0.494025,96,0.8422706959457075,2.2993442123320844,4774,471,4303
1021,01/10/22 00:00,01/10/22 00:00,GN84,-0.494025,0,0.4376343701449816,1.4617277607183703,4531,487,4044
1022,01/10/22 06:00,01/10/22 00:00,GN84,-0.494025,6,0.954141303767974,1.6772116601976605,3762,261,3501
1023,01/10/22 12:00,01/10/22 00:00,GN84,-0.494025,12,0.46057288147414416,1.4004890292178274,5193,489,4704
1024,01/10/22 18:00,01/10/22 00:00,GN84,-0.494025,18,0.20827896337094332,1.1704552972615534,5205,488,4717
1025,02/10/22 00:00,01/10/22 00:00,GN84,-0.494025,24,0.3296141866652704,1.0981677948574657,5085,475,4610
1026,02/10/22 06:00,01/10/22 00:00,GN84,-0.494025,30,0.44137542651423195,1.244884989698774,4404,456,3948
1027,02/10/22 12:00,01/10/22 00:00,GN84,-0.494025,36,0.4701193547770636,1.4505246364003865,5135,480,4655
1028,02/10/22 18:00,01/10/22 00:00,GN84,-0.494025,42,0.42763623868178907,1.5883666579714548,5165,487,4678
1029,03/10/22 00:00,01/10/22 00:00,GN84,-0.494025,48,0.6050751554955619,1.6944638936089482,5112,478,4634
1030,03/10/22 06:00,01/10/22 00:00,GN84,-0.494025,54,0.7321435592638976,2.0024429385559817,4477,473,4004
1031,03/10/22 12:00,01/10/22 00:00,GN84,-0.494025,60,0.7041821791391955,2.150473103790507,5183,495,4688
1032,03/10/22 18:00,01/10/22 00:00,GN84,-0.494025,66,0.6309941408252331,2.1244420646274786,5019,486,4533
1033,04/10/22 00:00,01/10/22 00:00,GN84,-0.494025,72,0.7528847784198989,2.1935072780357867,4774,471,4303
1034,04/10/22 06:00,01/10/22 00:00,GN84,-0.494025,78,0.8158456902279503,2.2858057697395235,4365,467,3898
1035,04/10/22 12:00,01/10/22 00:00,GN84,-0.494025,84,0.7893325346388138,2.3976996839054183,4877,474,4403
1036,04/10/22 18:00,01/10/22 00:00,GN84,-0.494025,90,0.6443389143069849,2.0956289510726567,4915,471,4444
1037,05/10/22 00:00,01/10/22 00:00,GN84,-0.494025,96,0.6329064133364375,1.8023863241522793,4684,459,4225
1038,02/10/22 00:00,02/10/22 00:00,GN84,-0.494025,0,0.25644710856120706,1.0504310320497459,5085,475,4610
1039,02/10/22 06:00,02/10/22 00:00,GN84,-0.494025,6,0.36444806670422786,1.1891543530642552,4404,456,3948
1040,02/10/22 12:00,02/10/22 00:00,GN84,-0.494025,12,0.3918174346441689,1.3962980678363566,5135,480,4655
1041,02/10/22 18:00,02/10/22 00:00,GN84,-0.494025,18,0.35144068762515995,1.5307370560226008,5165,487,4678
1042,03/10/22 00:00,02/10/22 00:00,GN84,-0.494025,24,0.5282695037220381,1.6301622625453538,5112,478,4634
1043,03/10/22 06:00,02/10/22 00:00,GN84,-0.494025,30,0.6501478143102564,1.9404468786961067,4477,473,4004
1044,03/10/22 12:00,02/10/22 00:00,GN84,-0.494025,36,0.624799034578321,2.0900763824697726,5183,495,4688
1045,03/10/22 18:00,02/10/22 00:00,GN84,-0.494025,42,0.5530442566673184,2.06058028455906,5019,486,4533
1046,04/10/22 00:00,02/10/22 00:00,GN84,-0.494025,48,0.6729389379577241,2.1271072735213,4774,471,4303
1047,04/10/22 06:00,02/10/22 00:00,GN84,-0.494025,54,0.7309151314735637,2.2193508797691015,4365,467,3898
1048,04/10/22 12:00,02/10/22 00:00,GN84,-0.494025,60,0.7034012866458312,2.3281821852404447,4877,474,4403
1049,04/10/22 18:00,02/10/22 00:00,GN84,-0.494025,66,0.5599965464623615,2.0152755573737906,4915,471,4444
1050,05/10/22 00:00,02/10/22 00:00,GN84,-0.494025,72,0.551935849506674,1.7223143740998532,4684,459,4225
1051,05/10/22 06:00,02/10/22 00:00,GN84,-0.494025,78,0.628199308618421,1.7731276528057416,4239,447,3792
1052,05/10/22 12:00,02/10/22 00:00,GN84,-0.494025,84,0.667898914265309,1.865153949227866,4745,455,4290
1053,05/10/22 18:00,02/10/22 00:00,GN84,-0.494025,90,0.5383189019386047,1.5018120975309819,4892,473,4419
1054,06/10/22 00:00,02/10/22 00:00,GN84,-0.494025,96,0.5187361368662654,1.3389013085454693,4961,464,4497
1055,03/10/22 00:00,03/10/22 00:00,GN84,-0.494025,0,0.47355916334835696,1.6098077337802084,5112,478,4634
1056,03/10/22 06:00,03/10/22 00:00,GN84,-0.494025,6,0.5859272155220643,1.9077546252590754,4477,473,4004
1057,03/10/22 12:00,03/10/22 00:00,GN84,-0.494025,12,0.5625887740587197,2.0534828043936626,5183,495,4688
1058,03/10/22 18:00,03/10/22 00:00,GN84,-0.494025,18,0.48803843451944967,2.0167442734083103,5019,486,4533
1059,04/10/22 00:00,03/10/22 00:00,GN84,-0.494025,24,0.6089853251796999,2.090018823860576,4774,471,4303
1060,04/10/22 06:00,03/10/22 00:00,GN84,-0.494025,30,0.6679199001361811,2.171534271404809,4365,467,3898
1061,04/10/22 12:00,03/10/22 00:00,GN84,-0.494025,36,0.6358403693993713,2.2808024301819887,4877,474,4403
1062,04/10/22 18:00,03/10/22 00:00,GN84,-0.494025,42,0.4944615593197847,1.9727331398685877,4915,471,4444
1063,05/10/22 00:00,03/10/22 00:00,GN84,-0.494025,48,0.4867885040208985,1.687633346674073,4684,459,4225
1064,05/10/22 06:00,03/10/22 00:00,GN84,-0.494025,54,0.5639483641123425,1.735169967039875,4239,447,3792
1065,05/10/22 12:00,03/10/22 00:00,GN84,-0.494025,60,0.6031963442527053,1.8167721451420882,4745,455,4290
1066,05/10/22 18:00,03/10/22 00:00,GN84,-0.494025,66,0.4759588172794037,1.4596898116837305,4892,473,4419
1067,06/10/22 00:00,03/10/22 00:00,GN84,-0.494025,72,0.46079593060189433,1.2850138161600995,4961,464,4497
1068,06/10/22 06:00,03/10/22 00:00,GN84,-0.494025,78,0.5295319076923544,1.3986820754473446,4366,457,3909
1069,06/10/22 12:00,03/10/22 00:00,GN84,-0.494025,84,0.5106262231424173,1.3890449249083314,5066,483,4583
1070,06/10/22 18:00,03/10/22 00:00,GN84,-0.494025,90,0.24768291582997648,1.091104994325354,4952,481,4471
1071,07/10/22 00:00,03/10/22 00:00,GN84,-0.494025,96,0.38421047532671543,1.1042095152731595,4816,470,4346
1072,04/10/22 00:00,04/10/22 00:00,GN84,-0.494025,0,0.5695245301079731,2.0742689325413,4774,471,4303
1073,04/10/22 06:00,04/10/22 00:00,GN84,-0.494025,6,0.6226280600466677,2.148992446012569,4365,467,3898
1074,04/10/22 12:00,04/10/22 00:00,GN84,-0.494025,12,0.5838311016007407,2.2536227194254863,4877,474,4403
1075,04/10/22 18:00,04/10/22 00:00,GN84,-0.494025,18,0.44567539803514294,1.9393443807310784,4915,471,4444
1076,05/10/22 00:00,04/10/22 00:00,GN84,-0.494025,24,0.4371592797743251,1.6502597850443368,4684,459,4225
1077,05/10/22 06:00,04/10/22 00:00,GN84,-0.494025,30,0.5177340040874138,1.7006182258260445,4239,447,3792
1078,05/10/22 12:00,04/10/22 00:00,GN84,-0.494025,36,0.5522273588125934,1.7839994493157694,4745,455,4290
1079,05/10/22 18:00,04/10/22 00:00,GN84,-0.494025,42,0.4244468785772759,1.4151564097219858,4892,473,4419
1080,06/10/22 00:00,04/10/22 00:00,GN84,-0.494025,48,0.4125876814439147,1.227155755512019,4961,464,4497
1081,06/10/22 06:00,04/10/22 00:00,GN84,-0.494025,54,0.4727681952100248,1.3512682643232081,4366,457,3909
1082,06/10/22 12:00,04/10/22 00:00,GN84,-0.494025,60,0.4519009601312987,1.3460800539624254,5066,483,4583
1083,06/10/22 18:00,04/10/22 00:00,GN84,-0.494025,66,0.18993955943726584,1.0499272515555076,4952,481,4471
1084,07/10/22 00:00,04/10/22 00:00,GN84,-0.494025,72,0.32353972947704784,1.0618433064629222,4816,470,4346
1085,07/10/22 06:00,04/10/22 00:00,GN84,-0.494025,78,0.40637060310354006,1.1510651278027328,4461,469,3992
1086,07/10/22 12:00,04/10/22 00:00,GN84,-0.494025,84,0.35548067633353453,1.1787571057203794,4921,470,4451
1087,07/10/22 18:00,04/10/22 00:00,GN84,-0.494025,90,0.14519307252504024,1.0084832529369778,4864,468,4396
1088,08/10/22 00:00,04/10/22 00:00,GN84,-0.494025,96,0.2677255144810427,1.0074414805332375,4730,466,4264
1089,05/10/22 00:00,05/10/22 00:00,GN84,-0.494025,0,0.36969934590205267,1.5561205117570305,4684,459,4225
1090,05/10/22 06:00,05/10/22 00:00,GN84,-0.494025,6,0.4374962694963179,1.6134485715326226,4239,447,3792
1091,05/10/22 12:00,05/10/22 00:00,GN84,-0.494025,12,0.4722062647655474,1.7003211331449755,4745,455,4290
1092,05/10/22 18:00,05/10/22 00:00,GN84,-0.494025,18,0.3339345762219956,1.3228830347811849,4892,473,4419
1093,06/10/22 00:00,05/10/22 00:00,GN84,-0.494025,24,0.32517468505186853,1.1268276227460572,4961,464,4497
1094,06/10/22 06:00,05/10/22 00:00,GN84,-0.494025,30,0.3847113160233738,1.233734240358527,4366,457,3909
1095,06/10/22 12:00,05/10/22 00:00,GN84,-0.494025,36,0.3647739807377378,1.247368770868231,5066,483,4583
1096,06/10/22 18:00,05/10/22 00:00,GN84,-0.494025,42,0.10425376008874784,0.9811532343162032,4952,481,4471
1097,07/10/22 00:00,05/10/22 00:00,GN84,-0.494025,48,0.22947056180235342,0.9772832492808236,4816,470,4346
1098,07/10/22 06:00,05/10/22 00:00,GN84,-0.494025,54,0.3148097428699656,1.0687187559341915,4461,469,3992
1099,07/10/22 12:00,05/10/22 00:00,GN84,-0.494025,60,0.26781061756154223,1.096690466202479,4921,470,4451
1100,07/10/22 18:00,05/10/22 00:00,GN84,-0.494025,66,0.056543071551898236,0.9743831095219038,4864,468,4396
1101,08/10/22 00:00,05/10/22 00:00,GN84,-0.494025,72,0.17191694253286086,0.9527568778665056,4730,466,4264
1102,08/10/22 06:00,05/10/22 00:00,GN84,-0.494025,78,0.3584745713113601,1.0705881600216178,4510,461,4049
1103,08/10/22 12:00,05/10/22 00:00,GN84,-0.494025,84,0.5821196793769714,1.6955159255052479,4889,479,4410
1104,08/10/22 18:00,05/10/22 00:00,GN84,-0.494025,90,0.49740292975977596,1.5558168040958016,4855,465,4390
1105,09/10/22 00:00,05/10/22 00:00,GN84,-0.494025,96,0.5477947138495682,1.5627963926176756,4811,468,4343
1106,06/10/22 00:00,06/10/22 00:00,GN84,-0.494025,0,0.23241133281234744,1.058608232180854,4961,464,4497
1107,06/10/22 06:00,06/10/22 00:00,GN84,-0.494025,6,0.28990737969935393,1.1502513534581615,4366,457,3909
1108,06/10/22 12:00,06/10/22 00:00,GN84,-0.494025,12,0.2682632851620855,1.1812361997738745,5066,483,4583
1109,06/10/22 18:00,06/10/22 00:00,GN84,-0.494025,18,0.005015849809375746,0.9761205988496237,4952,481,4471
1110,07/10/22 00:00,06/10/22 00:00,GN84,-0.494025,24,0.12977680754266877,0.9462950315156418,4816,470,4346
1111,07/10/22 06:00,06/10/22 00:00,GN84,-0.494025,30,0.21432744927714265,1.019433543135972,4461,469,3992
1112,07/10/22 12:00,06/10/22 00:00,GN84,-0.494025,36,0.17121924422920545,1.0427980383734576,4921,470,4451
1113,07/10/22 18:00,06/10/22 00:00,GN84,-0.494025,42,-0.036161052950440614,0.9796059857773923,4864,468,4396
1114,08/10/22 00:00,06/10/22 00:00,GN84,-0.494025,48,0.07699498350970697,0.9338575922914302,4730,466,4264
1115,08/10/22 06:00,06/10/22 00:00,GN84,-0.494025,54,0.2695138119746507,1.0291004745770975,4510,461,4049
1116,08/10/22 12:00,06/10/22 00:00,GN84,-0.494025,60,0.48327726131576487,1.637329928699124,4889,479,4410
1117,08/10/22 18:00,06/10/22 00:00,GN84,-0.494025,66,0.3951101099512369,1.49646697190725,4855,465,4390
1118,09/10/22 00:00,06/10/22 00:00,GN84,-0.494025,72,0.45322939022824177,1.500134815068768,4811,468,4343
1119,09/10/22 06:00,06/10/22 00:00,GN84,-0.494025,78,0.6244695027162899,1.8247733844454983,4522,459,4063
1120,09/10/22 12:00,06/10/22 00:00,GN84,-0.494025,84,0.5927123373033489,1.872376563162959,4878,465,4413
1121,09/10/22 18:00,06/10/22 00:00,GN84,-0.494025,90,0.3331456530628204,1.309066168992544,4880,457,4423
1122,10/10/22 00:00,06/10/22 00:00,GN84,-0.494025,96,0.4042632235535922,1.2485106768084202,4921,458,4463
1123,07/10/22 00:00,07/10/22 00:00,GN84,-0.494025,0,0.049224812550496516,0.9509076019884058,4816,470,4346
1124,07/10/22 06:00,07/10/22 00:00,GN84,-0.494025,6,0.1390825582374563,1.018394858474708,4461,469,3992
1125,07/10/22 12:00,07/10/22 00:00,GN84,-0.494025,12,0.09944353835761578,1.0369454585418405,4921,470,4451
1126,07/10/22 18:00,07/10/22 00:00,GN84,-0.494025,18,-0.10290780029148992,0.9945854067411999,4864,468,4396
1127,08/10/22 00:00,07/10/22 00:00,GN84,-0.494025,24,0.0031686031661453916,0.9456292009024875,4730,466,4264
1128,08/10/22 06:00,07/10/22 00:00,GN84,-0.494025,30,0.19606611840409863,1.0262738487154164,4510,461,4049
1129,08/10/22 12:00,07/10/22 00:00,GN84,-0.494025,36,0.411398709954962,1.6248107574924535,4889,479,4410
1130,08/10/22 18:00,07/10/22 00:00,GN84,-0.494025,42,0.3222421376689197,1.483626662249456,4855,465,4390
1131,09/10/22 00:00,07/10/22 00:00,GN84,-0.494025,48,0.37941421308347467,1.4862152428666693,4811,468,4343
1132,09/10/22 06:00,07/10/22 00:00,GN84,-0.494025,54,0.5470224014611068,1.8040416543212243,4522,459,4063
1133,09/10/22 12:00,07/10/22 00:00,GN84,-0.494025,60,0.519901260212415,1.8468530731961685,4878,465,4413
1134,09/10/22 18:00,07/10/22 00:00,GN84,-0.494025,66,0.2606197226413255,1.2868329572568162,4880,457,4423
1135,10/10/22 00:00,07/10/22 00:00,GN84,-0.494025,72,0.3307250855374373,1.2352836107603398,4921,458,4463
1136,10/10/22 06:00,07/10/22 00:00,GN84,-0.494025,78,0.4635619926471459,1.4074089114277346,4553,460,4093
1137,10/10/22 12:00,07/10/22 00:00,GN84,-0.494025,84,0.4168270049149306,1.44635293727117,4839,462,4377
1138,10/10/22 18:00,07/10/22 00:00,GN84,-0.494025,90,0.1935758026540379,1.0166561668014158,5026,470,4556
1139,11/10/22 00:00,07/10/22 00:00,GN84,-0.494025,96,0.3460128682867905,1.1576458416155304,4974,467,4507
1140,08/10/22 00:00,08/10/22 00:00,GN84,-0.494025,0,-0.006437986504485608,0.911748201718917,4730,466,4264
1141,08/10/22 06:00,08/10/22 00:00,GN84,-0.494025,6,0.18158158808917543,0.9945509857106497,4510,461,4049
1142,08/10/22 12:00,08/10/22 00:00,GN84,-0.494025,12,0.3934269721867621,1.5756604942903716,4889,479,4410
1143,08/10/22 18:00,08/10/22 00:00,GN84,-0.494025,18,0.2935375860621112,1.430137710614645,4855,465,4390
1144,09/10/22 00:00,08/10/22 00:00,GN84,-0.494025,24,0.35480116372889026,1.436648058552881,4811,468,4343
1145,09/10/22 06:00,08/10/22 00:00,GN84,-0.494025,30,0.5202644229211227,1.7523904726574102,4522,459,4063
1146,09/10/22 12:00,08/10/22 00:00,GN84,-0.494025,36,0.4814391032766318,1.7815692335270483,4878,465,4413
1147,09/10/22 18:00,08/10/22 00:00,GN84,-0.494025,42,0.20869877851189075,1.218285149463414,4880,457,4423
1148,10/10/22 00:00,08/10/22 00:00,GN84,-0.494025,48,0.28171477494589786,1.1776190224651968,4921,458,4463
1149,10/10/22 06:00,08/10/22 00:00,GN84,-0.494025,54,0.42029677168464175,1.34952886707734,4553,460,4093
1150,10/10/22 12:00,08/10/22 00:00,GN84,-0.494025,60,0.37059121748385876,1.3816425003952277,4839,462,4377
1151,10/10/22 18:00,08/10/22 00:00,GN84,-0.494025,66,0.14990518022134128,0.9637396176204416,5026,470,4556
1152,11/10/22 00:00,08/10/22 00:00,GN84,-0.494025,72,0.2990406871437811,1.090246742303706,4974,467,4507
1153,11/10/22 06:00,08/10/22 00:00,GN84,-0.494025,78,0.3605165362737894,1.2120992922998155,4643,461,4182
1154,11/10/22 12:00,08/10/22 00:00,GN84,-0.494025,84,0.3501644924971071,1.2463735520154895,5035,493,4542
1155,11/10/22 18:00,08/10/22 00:00,GN84,-0.494025,90,0.11872152448865927,0.9475929966430069,5174,491,4683
1156,12/10/22 00:00,08/10/22 00:00,GN84,-0.494025,96,0.24392287341931934,0.9555731080827083,5184,487,4697
1157,09/10/22 00:00,09/10/22 00:00,GN84,-0.494025,0,0.3730925128993247,1.4595664940317274,4811,468,4343
1158,09/10/22 06:00,09/10/22 00:00,GN84,-0.494025,6,0.5293707641895821,1.7670646011490156,4522,459,4063
1159,09/10/22 12:00,09/10/22 00:00,GN84,-0.494025,12,0.4886063432432631,1.7938858207076234,4878,465,4413
1160,09/10/22 18:00,09/10/22 00:00,GN84,-0.494025,18,0.20788145888601708,1.219376994979054,4880,457,4423
1161,10/10/22 00:00,09/10/22 00:00,GN84,-0.494025,24,0.2722327086932284,1.1773114989988103,4921,458,4463
1162,10/10/22 06:00,09/10/22 00:00,GN84,-0.494025,30,0.4071889351281259,1.3507148077307687,4553,460,4093
1163,10/10/22 12:00,09/10/22 00:00,GN84,-0.494025,36,0.35218394638321626,1.3766072908409301,4839,462,4377
1164,10/10/22 18:00,09/10/22 00:00,GN84,-0.494025,42,0.13605198387946893,0.9526598581591106,5026,470,4556
1165,11/10/22 00:00,09/10/22 00:00,GN84,-0.494025,48,0.2844070483743216,1.0795437996496866,4974,467,4507
1166,11/10/22 06:00,09/10/22 00:00,GN84,-0.494025,54,0.34151098314160466,1.2097025496439293,4643,461,4182
1167,11/10/22 12:00,09/10/22 00:00,GN84,-0.494025,60,0.32518351929846595,1.2445190938455686,5035,493,4542
1168,11/10/22 18:00,09/10/22 00:00,GN84,-0.494025,66,0.10333648855852025,0.9275647604811783,5174,491,4683
1169,12/10/22 00:00,09/10/22 00:00,GN84,-0.494025,72,0.22907487905751991,0.9422511868229699,5184,487,4697
1170,12/10/22 06:00,09/10/22 00:00,GN84,-0.494025,78,0.2744750212203312,1.0129103105127855,4648,483,4165
1171,12/10/22 12:00,09/10/22 00:00,GN84,-0.494025,84,0.2558225399551183,1.066014581361556,5069,490,4579
1172,12/10/22 18:00,09/10/22 00:00,GN84,-0.494025,90,0.07044304827481847,0.8678336101577551,5170,493,4677
1173,13/10/22 00:00,09/10/22 00:00,GN84,-0.494025,96,0.14618947453482473,0.8429896680104062,5160,484,4676
1174,10/10/22 00:00,10/10/22 00:00,GN84,-0.494025,0,0.240322019590244,1.1628782663330923,4921,458,4463
1175,10/10/22 06:00,10/10/22 00:00,GN84,-0.494025,6,0.3753673737186506,1.3304284819375283,4553,460,4093
1176,10/10/22 12:00,10/10/22 00:00,GN84,-0.494025,12,0.3177942238106015,1.3614555474193204,4839,462,4377
1177,10/10/22 18:00,10/10/22 00:00,GN84,-0.494025,18,0.09837598155231049,0.9290942868492734,5026,470,4556
1178,11/10/22 00:00,10/10/22 00:00,GN84,-0.494025,24,0.2512349881488835,1.0595316189480548,4974,467,4507
1179,11/10/22 06:00,10/10/22 00:00,GN84,-0.494025,30,0.3111572348676767,1.1953793111449171,4643,461,4182
1180,11/10/22 12:00,10/10/22 00:00,GN84,-0.494025,36,0.2897782481595385,1.2308876054074724,5035,493,4542
1181,11/10/22 18:00,10/10/22 00:00,GN84,-0.494025,42,0.06705295003216509,0.9124797831286854,5174,491,4683
1182,12/10/22 00:00,10/10/22 00:00,GN84,-0.494025,48,0.19199833856477144,0.9255811318561251,5184,487,4697
1183,12/10/22 06:00,10/10/22 00:00,GN84,-0.494025,54,0.2362402402151447,0.999305590686706,4648,483,4165
1184,12/10/22 12:00,10/10/22 00:00,GN84,-0.494025,60,0.2200784615093731,1.0518471583699327,5069,490,4579
1185,12/10/22 18:00,10/10/22 00:00,GN84,-0.494025,66,0.03684762686404238,0.8491097201487166,5170,493,4677
1186,13/10/22 00:00,10/10/22 00:00,GN84,-0.494025,72,0.11369791307753863,0.8239927508898949,5160,484,4676
1187,13/10/22 06:00,10/10/22 00:00,GN84,-0.494025,78,0.13185831999690376,0.8392972518763259,4873,479,4394
1188,13/10/22 12:00,10/10/22 00:00,GN84,-0.494025,84,0.12592273287321454,0.8782142551417418,5121,490,4631
1189,13/10/22 18:00,10/10/22 00:00,GN84,-0.494025,90,0.03297161506689849,0.8695387561094905,5065,486,4579
1190,14/10/22 00:00,10/10/22 00:00,GN84,-0.494025,96,0.09009545546973119,0.8268015049811765,4989,469,4520
1191,11/10/22 00:00,11/10/22 00:00,GN84,-0.494025,0,0.2167519800220985,1.0322805370306842,4974,467,4507
1192,11/10/22 06:00,11/10/22 00:00,GN84,-0.494025,6,0.27771696452886835,1.1705986261819845,4643,461,4182
1193,11/10/22 12:00,11/10/22 00:00,GN84,-0.494025,12,0.25290275747188895,1.2100709576279927,5035,493,4542
1194,11/10/22 18:00,11/10/22 00:00,GN84,-0.494025,18,0.031517923677891316,0.8911306225945859,5174,491,4683
1195,12/10/22 00:00,11/10/22 00:00,GN84,-0.494025,24,0.15891024589754146,0.8988014059945598,5184,487,4697
1196,12/10/22 06:00,11/10/22 00:00,GN84,-0.494025,30,0.19857416261361305,0.9746436641143857,4648,483,4165
1197,12/10/22 12:00,11/10/22 00:00,GN84,-0.494025,36,0.17820919320893713,1.0294692068977291,5069,490,4579
1198,12/10/22 18:00,11/10/22 00:00,GN84,-0.494025,42,-0.0009875052986409642,0.8314964359850967,5170,493,4677
1199,13/10/22 00:00,11/10/22 00:00,GN84,-0.494025,48,0.07353135734540593,0.8069016582675005,5160,484,4676
1200,13/10/22 06:00,11/10/22 00:00,GN84,-0.494025,54,0.08730450664184303,0.8274848729526588,4873,479,4394
1201,13/10/22 12:00,11/10/22 00:00,GN84,-0.494025,60,0.0805494871784565,0.8657896825801488,5121,490,4631
1202,13/10/22 18:00,11/10/22 00:00,GN84,-0.494025,66,-0.009745523048722594,0.8599826323893149,5065,486,4579
1203,14/10/22 00:00,11/10/22 00:00,GN84,-0.494025,72,0.046361972737210634,0.8192529619028414,4989,469,4520
1204,14/10/22 06:00,11/10/22 00:00,GN84,-0.494025,78,0.1507302717229014,1.0974110412080371,4693,484,4209
1205,14/10/22 12:00,11/10/22 00:00,GN84,-0.494025,84,0.17774546902930563,1.160776516754405,5140,488,4652
1206,14/10/22 18:00,11/10/22 00:00,GN84,-0.494025,90,0.06744591591214469,0.9970619551567541,5110,482,4628
1207,15/10/22 00:00,11/10/22 00:00,GN84,-0.494025,96,0.18806483633587268,1.102932944786101,4962,480,4482
1208,12/10/22 00:00,12/10/22 00:00,GN84,-0.494025,0,0.12712722582794592,0.8763418376888097,5184,487,4697
1209,12/10/22 06:00,12/10/22 00:00,GN84,-0.494025,6,0.16965787265569304,0.9551958509249782,4648,483,4165
1210,12/10/22 12:00,12/10/22 00:00,GN84,-0.494025,12,0.15033251259864922,1.0112962860365302,5069,490,4579
1211,12/10/22 18:00,12/10/22 00:00,GN84,-0.494025,18,-0.028172825830149843,0.8132836679767221,5170,493,4677
1212,13/10/22 00:00,12/10/22 00:00,GN84,-0.494025,24,0.04637443753990134,0.7929053031204009,5160,484,4676
1213,13/10/22 06:00,12/10/22 00:00,GN84,-0.494025,30,0.05881840331429219,0.8185575932602049,4873,479,4394
1214,13/10/22 12:00,12/10/22 00:00,GN84,-0.494025,36,0.04672376236440345,0.8559378034335171,5121,490,4631
1215,13/10/22 18:00,12/10/22 00:00,GN84,-0.494025,42,-0.03667934734048254,0.8479707184004514,5065,486,4579
1216,14/10/22 00:00,12/10/22 00:00,GN84,-0.494025,48,0.01993920360887829,0.814529701839188,4989,469,4520
1217,14/10/22 06:00,12/10/22 00:00,GN84,-0.494025,54,0.12202008421167469,1.082708220741648,4693,484,4209
1218,14/10/22 12:00,12/10/22 00:00,GN84,-0.494025,60,0.1474648708361758,1.149923781650194,5140,488,4652
1219,14/10/22 18:00,12/10/22 00:00,GN84,-0.494025,66,0.034788999682023945,0.9802334934198648,5110,482,4628
1220,15/10/22 00:00,12/10/22 00:00,GN84,-0.494025,72,0.15261920444618454,1.0866212482284896,4962,480,4482
1221,15/10/22 06:00,12/10/22 00:00,GN84,-0.494025,78,0.2956811720585817,1.160306932723113,4675,474,4201
1222,15/10/22 12:00,12/10/22 00:00,GN84,-0.494025,84,0.3034827377392741,1.1234249953180462,5022,481,4541
1223,15/10/22 18:00,12/10/22 00:00,GN84,-0.494025,90,0.0997287603324019,0.9564682260324558,4929,478,4451
1224,16/10/22 00:00,12/10/22 00:00,GN84,-0.494025,96,0.20441832045092784,0.9337814161736793,4833,462,4371
1225,13/10/22 00:00,13/10/22 00:00,GN84,-0.494025,0,0.03495947950273093,0.7919608881801989,5160,484,4676
1226,13/10/22 06:00,13/10/22 00:00,GN84,-0.494025,6,0.045373542197182364,0.8187269220172175,4873,479,4394
1227,13/10/22 12:00,13/10/22 00:00,GN84,-0.494025,12,0.02816392507609364,0.8586997036583914,5121,490,4631
1228,13/10/22 18:00,13/10/22 00:00,GN84,-0.494025,18,-0.05739890111419481,0.8376607361306672,5065,486,4579
1229,14/10/22 00:00,13/10/22 00:00,GN84,-0.494025,24,-0.0013015250942001349,0.8046860145398255,4989,469,4520
1230,14/10/22 06:00,13/10/22 00:00,GN84,-0.494025,30,0.10309396991600617,1.0874819643863907,4693,484,4209
1231,14/10/22 12:00,13/10/22 00:00,GN84,-0.494025,36,0.1273110114377795,1.1572904989669266,5140,488,4652
1232,14/10/22 18:00,13/10/22 00:00,GN84,-0.494025,42,0.01661671856034386,0.9798467302397634,5110,482,4628
1233,15/10/22 00:00,13/10/22 00:00,GN84,-0.494025,48,0.1352579744433734,1.0860351157740509,4962,480,4482
1234,15/10/22 06:00,13/10/22 00:00,GN84,-0.494025,54,0.27802379129638183,1.1677019783709293,4675,474,4201
1235,15/10/22 12:00,13/10/22 00:00,GN84,-0.494025,60,0.28433618815910283,1.1316207160012868,5022,481,4541
1236,15/10/22 18:00,13/10/22 00:00,GN84,-0.494025,66,0.07968158713492053,0.9552042765369902,4929,478,4451
1237,16/10/22 00:00,13/10/22 00:00,GN84,-0.494025,72,0.18482523438612222,0.9282035466923316,4833,462,4371
1238,16/10/22 06:00,13/10/22 00:00,GN84,-0.494025,78,0.23436016145744312,0.939046476605385,4481,454,4027
1239,16/10/22 12:00,13/10/22 00:00,GN84,-0.494025,84,0.26769523393566963,1.044720423578326,4960,474,4486
1240,16/10/22 18:00,13/10/22 00:00,GN84,-0.494025,90,0.07048101155288002,0.8773223932604073,4988,474,4514
1241,17/10/22 00:00,13/10/22 00:00,GN84,-0.494025,96,0.19256072690024226,0.8861188325497084,4949,470,4479
1242,14/10/22 00:00,14/10/22 00:00,GN84,-0.494025,0,-0.0020360546910243044,0.7954309490923087,4989,469,4520
1243,14/10/22 06:00,14/10/22 00:00,GN84,-0.494025,6,0.09261164969458385,1.0829082190185553,4693,484,4209
1244,14/10/22 12:00,14/10/22 00:00,GN84,-0.494025,12,0.11244950368629068,1.1593568851016036,5140,488,4652
1245,14/10/22 18:00,14/10/22 00:00,GN84,-0.494025,18,0.006287084146528476,0.9715992194543899,5110,482,4628
1246,15/10/22 00:00,14/10/22 00:00,GN84,-0.494025,24,0.12219886769600331,1.078369322862476,4962,480,4482
1247,15/10/22 06:00,14/10/22 00:00,GN84,-0.494025,30,0.26337732621052845,1.165643440780657,4675,474,4201
1248,15/10/22 12:00,14/10/22 00:00,GN84,-0.494025,36,0.2655157665924169,1.1338537680270107,5022,481,4541
1249,15/10/22 18:00,14/10/22 00:00,GN84,-0.494025,42,0.055277940161238076,0.9414404760049645,4929,478,4451
1250,16/10/22 00:00,14/10/22 00:00,GN84,-0.494025,48,0.15407467726882262,0.9229431823401565,4833,462,4371
1251,16/10/22 06:00,14/10/22 00:00,GN84,-0.494025,54,0.2082900452819093,0.9407963662427363,4481,454,4027
1252,16/10/22 12:00,14/10/22 00:00,GN84,-0.494025,60,0.24434769084085903,1.050707027779894,4960,474,4486
1253,16/10/22 18:00,14/10/22 00:00,GN84,-0.494025,66,0.05123832550247404,0.8709921172042918,4988,474,4514
1254,17/10/22 00:00,14/10/22 00:00,GN84,-0.494025,72,0.17485618973134728,0.8780806812531312,4949,470,4479
1255,17/10/22 06:00,14/10/22 00:00,GN84,-0.494025,78,0.25942294077003025,1.0614413115103931,4512,455,4057
1256,17/10/22 12:00,14/10/22 00:00,GN84,-0.494025,84,0.2231644724261328,1.0394159177825675,4984,483,4501
1257,17/10/22 18:00,14/10/22 00:00,GN84,-0.494025,90,0.021518898270011803,0.8661215011997915,5003,484,4519
1258,18/10/22 00:00,14/10/22 00:00,GN84,-0.494025,96,0.12072968586361539,0.8965450598333393,4950,476,4474
1259,15/10/22 00:00,15/10/22 00:00,GN84,-0.494025,0,0.12919693193347334,1.016855251240472,4962,480,4482
1260,15/10/22 06:00,15/10/22 00:00,GN84,-0.494025,6,0.25962664712871947,1.1124280751977054,4675,474,4201
1261,15/10/22 12:00,15/10/22 00:00,GN84,-0.494025,12,0.2611493140080751,1.0791577850271743,5022,481,4541
1262,15/10/22 18:00,15/10/22 00:00,GN84,-0.494025,18,0.05387296131989105,0.872864444313683,4929,478,4451
1263,16/10/22 00:00,15/10/22 00:00,GN84,-0.494025,24,0.14594201650688984,0.8749112508178909,4833,462,4371
1264,16/10/22 06:00,15/10/22 00:00,GN84,-0.494025,30,0.20068434185581197,0.8745289731155009,4481,454,4027
1265,16/10/22 12:00,15/10/22 00:00,GN84,-0.494025,36,0.23945934013930883,1.0159251743211464,4960,474,4486
1266,16/10/22 18:00,15/10/22 00:00,GN84,-0.494025,42,0.04153188836548311,0.8143346464092432,4988,474,4514
1267,17/10/22 00:00,15/10/22 00:00,GN84,-0.494025,48,0.15674025274162276,0.8462025697753032,4949,470,4479
1268,17/10/22 06:00,15/10/22 00:00,GN84,-0.494025,54,0.24358543300327995,1.0266819159867064,4512,455,4057
1269,17/10/22 12:00,15/10/22 00:00,GN84,-0.494025,60,0.20839156358551697,0.9923592856537693,4984,483,4501
1270,17/10/22 18:00,15/10/22 00:00,GN84,-0.494025,66,0.004208616359392281,0.8087132478637182,5003,484,4519
1271,18/10/22 00:00,15/10/22 00:00,GN84,-0.494025,72,0.10973924052110119,0.8670286593988458,4950,476,4474
1272,18/10/22 06:00,15/10/22 00:00,GN84,-0.494025,78,0.25227880481457376,1.2125462431439684,4424,466,3958
1273,18/10/22 12:00,15/10/22 00:00,GN84,-0.494025,84,0.3385752735738959,1.6229868540324768,4964,475,4489
1274,18/10/22 18:00,15/10/22 00:00,GN84,-0.494025,90,0.32951007353717926,1.6009005975042543,4946,477,4469
1275,19/10/22 00:00,15/10/22 00:00,GN84,-0.494025,96,0.44996494683572713,1.5711056259292486,4642,472,4170
1276,16/10/22 00:00,16/10/22 00:00,GN84,-0.494025,0,0.1300716018072435,0.8678884410759939,4833,462,4371
1277,16/10/22 06:00,16/10/22 00:00,GN84,-0.494025,6,0.17678190442534356,0.8583548330923381,4481,454,4027
1278,16/10/22 12:00,16/10/22 00:00,GN84,-0.494025,12,0.2205558108086095,1.0095733210650266,4960,474,4486
1279,16/10/22 18:00,16/10/22 00:00,GN84,-0.494025,18,0.02175256378549849,0.8052728150636148,4988,474,4514
1280,17/10/22 00:00,16/10/22 00:00,GN84,-0.494025,24,0.13118344288835815,0.8339437367848034,4949,470,4479
1281,17/10/22 06:00,16/10/22 00:00,GN84,-0.494025,30,0.2170979488049315,1.0268033628280766,4512,455,4057
1282,17/10/22 12:00,16/10/22 00:00,GN84,-0.494025,36,0.1821432746820277,0.9826572104867534,4984,483,4501
1283,17/10/22 18:00,16/10/22 00:00,GN84,-0.494025,42,-0.022001713606194427,0.7831892772003344,5003,484,4519
1284,18/10/22 00:00,16/10/22 00:00,GN84,-0.494025,48,0.08507919134298744,0.8584333525855546,4950,476,4474
1285,18/10/22 06:00,16/10/22 00:00,GN84,-0.494025,54,0.22391172751557537,1.2212232081534367,4424,466,3958
1286,18/10/22 12:00,16/10/22 00:00,GN84,-0.494025,60,0.31085612898889325,1.6405803213393748,4964,475,4489
1287,18/10/22 18:00,16/10/22 00:00,GN84,-0.494025,66,0.3016862034560723,1.6175672736875963,4946,477,4469
1288,19/10/22 00:00,16/10/22 00:00,GN84,-0.494025,72,0.42028470475075475,1.5924703609583732,4642,472,4170
1289,19/10/22 06:00,16/10/22 00:00,GN84,-0.494025,78,0.500147370513138,1.753805514142587,3902,458,3444
1290,19/10/22 12:00,16/10/22 00:00,GN84,-0.494025,84,0.5557920744212015,2.0066422217726774,4234,469,3765
1291,19/10/22 18:00,16/10/22 00:00,GN84,-0.494025,90,0.5878903126399843,1.9179694836110377,4585,472,4113
1292,20/10/22 00:00,16/10/22 00:00,GN84,-0.494025,96,0.6364976137815265,1.7246715164107296,4858,475,4383
1293,17/10/22 00:00,17/10/22 00:00,GN84,-0.494025,0,0.13869412080264473,0.8410505065545878,4949,470,4479
1294,17/10/22 06:00,17/10/22 00:00,GN84,-0.494025,6,0.21183178648506945,1.0305684222754095,4512,455,4057
1295,17/10/22 12:00,17/10/22 00:00,GN84,-0.494025,12,0.1733639464632969,0.9856277153466136,4984,483,4501
1296,17/10/22 18:00,17/10/22 00:00,GN84,-0.494025,18,-0.03307982878929054,0.7748586432416373,5003,484,4519
1297,18/10/22 00:00,17/10/22 00:00,GN84,-0.494025,24,0.0683821690949522,0.8499619459163809,4950,476,4474
1298,18/10/22 06:00,17/10/22 00:00,GN84,-0.494025,30,0.20362248451297396,1.2189119318360762,4424,466,3958
1299,18/10/22 12:00,17/10/22 00:00,GN84,-0.494025,36,0.2866201079230794,1.641050833068807,4964,475,4489
1300,18/10/22 18:00,17/10/22 00:00,GN84,-0.494025,42,0.27937617362740197,1.6227317747142165,4946,477,4469
1301,19/10/22 00:00,17/10/22 00:00,GN84,-0.494025,48,0.399799110700753,1.5987923195763916,4642,472,4170
1302,19/10/22 06:00,17/10/22 00:00,GN84,-0.494025,54,0.47667033721041424,1.7653691005429415,3902,458,3444
1303,19/10/22 12:00,17/10/22 00:00,GN84,-0.494025,60,0.5320748976793717,2.018922151522896,4234,469,3765
1304,19/10/22 18:00,17/10/22 00:00,GN84,-0.494025,66,0.5674667710379973,1.924801076123513,4585,472,4113
1305,20/10/22 00:00,17/10/22 00:00,GN84,-0.494025,72,0.6134150833390711,1.7356986286385916,4858,475,4383
1306,20/10/22 06:00,17/10/22 00:00,GN84,-0.494025,78,0.708989165849247,1.9713180643392862,4602,470,4132
1307,20/10/22 12:00,17/10/22 00:00,GN84,-0.494025,84,0.6768089869003849,1.9912715149251117,4829,475,4354
1308,20/10/22 18:00,17/10/22 00:00,GN84,-0.494025,90,0.4681082424127972,1.4307259456197075,4806,480,4326
1309,21/10/22 00:00,17/10/22 00:00,GN84,-0.494025,96,0.48736482006589305,1.3207175854312927,4537,481,4056
1310,18/10/22 00:00,18/10/22 00:00,GN84,-0.494025,0,0.061957014326153706,0.8508070159430556,4950,476,4474
1311,18/10/22 06:00,18/10/22 00:00,GN84,-0.494025,6,0.18691399784520363,1.210943634317021,4424,466,3958
1312,18/10/22 12:00,18/10/22 00:00,GN84,-0.494025,12,0.266511814508767,1.6364634592383687,4964,475,4489
1313,18/10/22 18:00,18/10/22 00:00,GN84,-0.494025,18,0.2544961809272896,1.6192127720048948,4946,477,4469
1314,19/10/22 00:00,18/10/22 00:00,GN84,-0.494025,24,0.37369950511414785,1.5950201633461074,4642,472,4170
1315,19/10/22 06:00,18/10/22 00:00,GN84,-0.494025,30,0.449526507249792,1.7686288467649889,3902,458,3444
1316,19/10/22 12:00,18/10/22 00:00,GN84,-0.494025,36,0.5046994753839383,2.0211553359286967,4234,469,3765
1317,19/10/22 18:00,18/10/22 00:00,GN84,-0.494025,42,0.5364330474266626,1.923875535468176,4585,472,4113
1318,20/10/22 00:00,18/10/22 00:00,GN84,-0.494025,48,0.5835983193078639,1.736747226481544,4858,475,4383
1319,20/10/22 06:00,18/10/22 00:00,GN84,-0.494025,54,0.6772156739524904,1.9668700814055347,4602,470,4132
1320,20/10/22 12:00,18/10/22 00:00,GN84,-0.494025,60,0.6417959069226608,1.9878832955810326,4829,475,4354
1321,20/10/22 18:00,18/10/22 00:00,GN84,-0.494025,66,0.43035909212250545,1.4328556225755749,4806,480,4326
1322,21/10/22 00:00,18/10/22 00:00,GN84,-0.494025,72,0.44472177865676643,1.3161322735996652,4537,481,4056
1323,21/10/22 06:00,18/10/22 00:00,GN84,-0.494025,78,0.41122987057535504,1.1576699946994349,3930,462,3468
1324,21/10/22 12:00,18/10/22 00:00,GN84,-0.494025,84,0.43866378635696096,1.3341656803782866,4165,464,3701
1325,21/10/22 18:00,18/10/22 00:00,GN84,-0.494025,90,0.31443785646428823,1.0825235021411495,4807,478,4329
1326,22/10/22 00:00,18/10/22 00:00,GN84,-0.494025,96,0.3852949695504802,1.0491381176676542,4595,477,4118
1327,19/10/22 00:00,19/10/22 00:00,GN84,-0.494025,0,0.36019979475157105,1.616930515202153,4642,472,4170
1328,19/10/22 06:00,19/10/22 00:00,GN84,-0.494025,6,0.418532204150041,1.7734903672785398,3902,458,3444
1329,19/10/22 12:00,19/10/22 00:00,GN84,-0.494025,12,0.4681240445261265,2.0186108918904653,4234,469,3765
1330,19/10/22 18:00,19/10/22 00:00,GN84,-0.494025,18,0.5028058048919355,1.9307769286500895,4585,472,4113
1331,20/10/22 00:00,19/10/22 00:00,GN84,-0.494025,24,0.5459351784360127,1.7419582189251694,4858,475,4383
1332,20/10/22 06:00,19/10/22 00:00,GN84,-0.494025,30,0.6387028200730697,1.9755111331459836,4602,470,4132
1333,20/10/22 12:00,19/10/22 00:00,GN84,-0.494025,36,0.6059106218259955,1.9981694631676565,4829,475,4354
1334,20/10/22 18:00,19/10/22 00:00,GN84,-0.494025,42,0.4024841161962279,1.440257115090517,4806,480,4326
1335,21/10/22 00:00,19/10/22 00:00,GN84,-0.494025,48,0.4124931798529926,1.325176998449345,4537,481,4056
1336,21/10/22 06:00,19/10/22 00:00,GN84,-0.494025,54,0.3719969354757171,1.16075853200345,3930,462,3468
1337,21/10/22 12:00,19/10/22 00:00,GN84,-0.494025,60,0.4014633470807081,1.3381972125038328,4165,464,3701
1338,21/10/22 18:00,19/10/22 00:00,GN84,-0.494025,66,0.2794004055095984,1.0840119871665146,4807,478,4329
1339,22/10/22 00:00,19/10/22 00:00,GN84,-0.494025,72,0.34673833400852955,1.047501349403577,4595,477,4118
1340,22/10/22 06:00,19/10/22 00:00,GN84,-0.494025,78,0.3261047468982425,0.9031811138400702,3899,454,3445
1341,22/10/22 12:00,19/10/22 00:00,GN84,-0.494025,84,0.3118483753739192,0.9723654779341394,4163,463,3700
1342,22/10/22 18:00,19/10/22 00:00,GN84,-0.494025,90,0.2300973948383217,0.8609978133744582,4449,475,3974
1343,23/10/22 00:00,19/10/22 00:00,GN84,-0.494025,96,0.31161986241670353,0.9557840730965204,4906,472,4434
1344,20/10/22 00:00,20/10/22 00:00,GN84,-0.494025,0,0.5070111092938879,1.7257450770046683,4858,475,4383
1345,20/10/22 06:00,20/10/22 00:00,GN84,-0.494025,6,0.589488510471352,1.9604421880376757,4602,470,4132
1346,20/10/22 12:00,20/10/22 00:00,GN84,-0.494025,12,0.5504595011269703,1.9826477243555367,4829,475,4354
1347,20/10/22 18:00,20/10/22 00:00,GN84,-0.494025,18,0.34916012951590386,1.427362407470417,4806,480,4326
1348,21/10/22 00:00,20/10/22 00:00,GN84,-0.494025,24,0.35793153932845384,1.3123890429385032,4537,481,4056
1349,21/10/22 06:00,20/10/22 00:00,GN84,-0.494025,30,0.3235598098073988,1.1514323137774825,3930,462,3468
1350,21/10/22 12:00,20/10/22 00:00,GN84,-0.494025,36,0.35426962944924645,1.3235647874531247,4165,464,3701
1351,21/10/22 18:00,20/10/22 00:00,GN84,-0.494025,42,0.23064359920615263,1.062737690341547,4807,478,4329
1352,22/10/22 00:00,20/10/22 00:00,GN84,-0.494025,48,0.29328833802632814,1.0295632730767288,4595,477,4118
1353,22/10/22 06:00,20/10/22 00:00,GN84,-0.494025,54,0.27568068303050663,0.8812777017110274,3899,454,3445
1354,22/10/22 12:00,20/10/22 00:00,GN84,-0.494025,60,0.26640579108949536,0.9549869615597234,4163,463,3700
1355,22/10/22 18:00,20/10/22 00:00,GN84,-0.494025,66,0.1771883448663043,0.8403109308467746,4449,475,3974
1356,23/10/22 00:00,20/10/22 00:00,GN84,-0.494025,72,0.2604016050737753,0.9374408346271165,4906,472,4434
1357,23/10/22 06:00,20/10/22 00:00,GN84,-0.494025,78,0.37429402596756056,1.1063087525305055,4604,462,4142
1358,23/10/22 12:00,20/10/22 00:00,GN84,-0.494025,84,0.3598026697266983,1.1735705100175853,4293,474,3819
1359,23/10/22 18:00,20/10/22 00:00,GN84,-0.494025,90,0.31524865292778614,1.033475210731106,4637,478,4159
1360,24/10/22 00:00,20/10/22 00:00,GN84,-0.494025,96,0.38435390035745354,0.996108881861585,4754,476,4278
1361,21/10/22 00:00,21/10/22 00:00,GN84,-0.494025,0,0.299625083173778,1.2834152066313076,4537,481,4056
1362,21/10/22 06:00,21/10/22 00:00,GN84,-0.494025,6,0.26309366726946304,1.1229430851529496,3930,462,3468
1363,21/10/22 12:00,21/10/22 00:00,GN84,-0.494025,12,0.289032567857144,1.2908311230961744,4165,464,3701
1364,21/10/22 18:00,21/10/22 00:00,GN84,-0.494025,18,0.16081418025715197,1.035676548618498,4807,478,4329
1365,22/10/22 00:00,21/10/22 00:00,GN84,-0.494025,24,0.21587893335917174,1.0060128593817392,4595,477,4118
1366,22/10/22 06:00,21/10/22 00:00,GN84,-0.494025,30,0.20618724533105037,0.8484522776357585,3899,454,3445
1367,22/10/22 12:00,21/10/22 00:00,GN84,-0.494025,36,0.20026265525804365,0.9258295924758061,4163,463,3700
1368,22/10/22 18:00,21/10/22 00:00,GN84,-0.494025,42,0.1043967547832233,0.8210758503904476,4449,475,3974
1369,23/10/22 00:00,21/10/22 00:00,GN84,-0.494025,48,0.18568995309349676,0.914265340321002,4906,472,4434
1370,23/10/22 06:00,21/10/22 00:00,GN84,-0.494025,54,0.2879992567997132,1.0877263175298753,4604,462,4142
1371,23/10/22 12:00,21/10/22 00:00,GN84,-0.494025,60,0.28080130448421753,1.132983921711873,4293,474,3819
1372,23/10/22 18:00,21/10/22 00:00,GN84,-0.494025,66,0.23628711068898686,0.9890598506264837,4637,478,4159
1373,24/10/22 00:00,21/10/22 00:00,GN84,-0.494025,72,0.30600308797608966,0.9486037169764729,4754,476,4278
1374,24/10/22 06:00,21/10/22 00:00,GN84,-0.494025,78,0.38574439033060914,1.0738838359605658,4477,478,3999
1375,24/10/22 12:00,21/10/22 00:00,GN84,-0.494025,84,0.3723099791285173,1.2149975293321222,4934,487,4447
1376,24/10/22 18:00,21/10/22 00:00,GN84,-0.494025,90,0.25638818606029706,1.012493304534557,4755,474,4281
1377,25/10/22 00:00,21/10/22 00:00,GN84,-0.494025,96,0.3147312456773197,0.9926175083570716,4673,465,4208
1378,22/10/22 00:00,22/10/22 00:00,GN84,-0.494025,0,0.19572471175524353,0.9930695131046609,4595,477,4118
1379,22/10/22 06:00,22/10/22 00:00,GN84,-0.494025,6,0.17766926347465922,0.8261368904594614,3899,454,3445
1380,22/10/22 12:00,22/10/22 00:00,GN84,-0.494025,12,0.1678398929723056,0.8899389201365908,4163,463,3700
1381,22/10/22 18:00,22/10/22 00:00,GN84,-0.494025,18,0.0747157289426384,0.7990873753326707,4449,475,3974
1382,23/10/22 00:00,22/10/22 00:00,GN84,-0.494025,24,0.1551967583417923,0.8951107466796814,4906,472,4434
1383,23/10/22 06:00,22/10/22 00:00,GN84,-0.494025,30,0.2586224123945741,1.0476853276737335,4604,462,4142
1384,23/10/22 12:00,22/10/22 00:00,GN84,-0.494025,36,0.24765711543717908,1.1022493920384375,4293,474,3819
1385,23/10/22 18:00,22/10/22 00:00,GN84,-0.494025,42,0.2012385876612712,0.9637089628436679,4637,478,4159
1386,24/10/22 00:00,22/10/22 00:00,GN84,-0.494025,48,0.25953734969439013,0.9207444315533976,4754,476,4278
1387,24/10/22 06:00,22/10/22 00:00,GN84,-0.494025,54,0.3328829745432504,1.0463405523470286,4477,478,3999
1388,24/10/22 12:00,22/10/22 00:00,GN84,-0.494025,60,0.32285105511696977,1.1852386709522633,4934,487,4447
1389,24/10/22 18:00,22/10/22 00:00,GN84,-0.494025,66,0.2081610679558799,0.984477703976526,4755,474,4281
1390,25/10/22 00:00,22/10/22 00:00,GN84,-0.494025,72,0.2622931337839458,0.9670622749097777,4673,465,4208
1391,25/10/22 06:00,22/10/22 00:00,GN84,-0.494025,78,0.2881879715146633,0.9965525435274927,4430,457,3973
1392,25/10/22 12:00,22/10/22 00:00,GN84,-0.494025,84,0.25467645476385453,1.0268834874479902,4736,468,4268
1393,25/10/22 18:00,22/10/22 00:00,GN84,-0.494025,90,0.15166562106399972,1.042802601107992,4759,459,4300
1394,26/10/22 00:00,22/10/22 00:00,GN84,-0.494025,96,0.2462554661022126,0.9842383610627312,4711,464,4247
1395,23/10/22 00:00,23/10/22 00:00,GN84,-0.494025,0,0.12940002636218217,0.8932690919435581,4906,472,4434
1396,23/10/22 06:00,23/10/22 00:00,GN84,-0.494025,6,0.22366146130128947,1.043786059236801,4604,462,4142
1397,23/10/22 12:00,23/10/22 00:00,GN84,-0.494025,12,0.20904944328582942,1.0880509823815536,4293,474,3819
1398,23/10/22 18:00,23/10/22 00:00,GN84,-0.494025,18,0.1562481231805264,0.9503321120790307,4637,478,4159
1399,24/10/22 00:00,23/10/22 00:00,GN84,-0.494025,24,0.21205570254033984,0.9070517723576694,4754,476,4278
1400,24/10/22 06:00,23/10/22 00:00,GN84,-0.494025,30,0.28328750141561665,1.0370348825033624,4477,478,3999
1401,24/10/22 12:00,23/10/22 00:00,GN84,-0.494025,36,0.2737509332838621,1.175766181228139,4934,487,4447
1402,24/10/22 18:00,23/10/22 00:00,GN84,-0.494025,42,0.16260288347988544,0.9725251384329676,4755,474,4281
1403,25/10/22 00:00,23/10/22 00:00,GN84,-0.494025,48,0.21513004481339015,0.9581284437753435,4673,465,4208
1404,25/10/22 06:00,23/10/22 00:00,GN84,-0.494025,54,0.2388180326932329,0.9906083877293336,4430,457,3973
1405,25/10/22 12:00,23/10/22 00:00,GN84,-0.494025,60,0.2111810090083788,1.0211470275457173,4736,468,4268
1406,25/10/22 18:00,23/10/22 00:00,GN84,-0.494025,66,0.1111527877031205,1.0420643499924256,4759,459,4300
1407,26/10/22 00:00,23/10/22 00:00,GN84,-0.494025,72,0.21156496729712623,0.9830196958939277,4711,464,4247
1408,26/10/22 06:00,23/10/22 00:00,GN84,-0.494025,78,0.2344181295045071,0.9644329437864464,4636,465,4171
1409,26/10/22 12:00,23/10/22 00:00,GN84,-0.494025,84,0.1693430657343746,0.9128746756882934,4741,457,4284
1410,26/10/22 18:00,23/10/22 00:00,GN84,-0.494025,90,0.05378093717048696,0.8857177806958855,4799,463,4336
1411,27/10/22 00:00,23/10/22 00:00,GN84,-0.494025,96,0.1344034671990332,0.9343450836390129,4804,460,4344
1412,24/10/22 00:00,24/10/22 00:00,GN84,-0.494025,0,0.18314656669236218,0.9104036733027636,4754,476,4278
1413,24/10/22 06:00,24/10/22 00:00,GN84,-0.494025,6,0.2493648027629057,1.0434906043518872,4477,478,3999
1414,24/10/22 12:00,24/10/22 00:00,GN84,-0.494025,12,0.2360543277884956,1.1774404517610977,4934,487,4447
1415,24/10/22 18:00,24/10/22 00:00,GN84,-0.494025,18,0.13029994343715542,0.9706000115754724,4755,474,4281
1416,25/10/22 00:00,24/10/22 00:00,GN84,-0.494025,24,0.18513139130629355,0.9611318122919146,4673,465,4208
1417,25/10/22 06:00,24/10/22 00:00,GN84,-0.494025,30,0.20479953999533795,0.9890625208025388,4430,457,3973
1418,25/10/22 12:00,24/10/22 00:00,GN84,-0.494025,36,0.17767460404154697,1.0226611426292607,4736,468,4268
1419,25/10/22 18:00,24/10/22 00:00,GN84,-0.494025,42,0.07135007710979899,1.0437599481990987,4759,459,4300
1420,26/10/22 00:00,24/10/22 00:00,GN84,-0.494025,48,0.16892468278721948,0.976085633199908,4711,464,4247
1421,26/10/22 06:00,24/10/22 00:00,GN84,-0.494025,54,0.1881544892703598,0.940898545804518,4636,465,4171
1422,26/10/22 12:00,24/10/22 00:00,GN84,-0.494025,60,0.13158885437098006,0.9134803044241802,4741,457,4284
1423,26/10/22 18:00,24/10/22 00:00,GN84,-0.494025,66,0.020935265776004956,0.8780182110767181,4799,463,4336
1424,27/10/22 00:00,24/10/22 00:00,GN84,-0.494025,72,0.09818836152202036,0.9224688525237885,4804,460,4344
1425,27/10/22 06:00,24/10/22 00:00,GN84,-0.494025,78,0.17066287289173326,0.8349954130439132,4537,453,4084
1426,27/10/22 12:00,24/10/22 00:00,GN84,-0.494025,84,0.20525860844419458,1.0472053387000786,4813,452,4361
1427,27/10/22 18:00,24/10/22 00:00,GN84,-0.494025,90,0.11572558971388043,0.9826623250254561,4801,465,4336
1428,28/10/22 00:00,24/10/22 00:00,GN84,-0.494025,96,0.2753412451406241,0.9873255730295244,4859,460,4399
1429,25/10/22 00:00,25/10/22 00:00,GN84,-0.494025,0,0.15573639194646657,0.9496439938671497,4673,465,4208
1430,25/10/22 06:00,25/10/22 00:00,GN84,-0.494025,6,0.17064176514621163,0.9808925991067325,4430,457,3973
1431,25/10/22 12:00,25/10/22 00:00,GN84,-0.494025,12,0.14112747439544623,1.014534829248552,4736,468,4268
1432,25/10/22 18:00,25/10/22 00:00,GN84,-0.494025,18,0.03503864223033304,1.0367723290535733,4759,459,4300
1433,26/10/22 00:00,25/10/22 00:00,GN84,-0.494025,24,0.129975214906605,0.9708651093314206,4711,464,4247
1434,26/10/22 06:00,25/10/22 00:00,GN84,-0.494025,30,0.14704736491487375,0.9351433951781053,4636,465,4171
1435,26/10/22 12:00,25/10/22 00:00,GN84,-0.494025,36,0.0893174540533469,0.9114492254872828,4741,457,4284
1436,26/10/22 18:00,25/10/22 00:00,GN84,-0.494025,42,-0.024287729350951276,0.893116286203206,4799,463,4336
1437,27/10/22 00:00,25/10/22 00:00,GN84,-0.494025,48,0.05146480146496243,0.9321515989840825,4804,460,4344
1438,27/10/22 06:00,25/10/22 00:00,GN84,-0.494025,54,0.12166789425230459,0.8372196508575329,4537,453,4084
1439,27/10/22 12:00,25/10/22 00:00,GN84,-0.494025,60,0.15687467342019687,1.0575260545768932,4813,452,4361
1440,27/10/22 18:00,25/10/22 00:00,GN84,-0.494025,66,0.06550712301199577,0.97440083201239,4801,465,4336
1441,28/10/22 00:00,25/10/22 00:00,GN84,-0.494025,72,0.22716401179631154,0.980069118133241,4859,460,4399
1442,28/10/22 06:00,25/10/22 00:00,GN84,-0.494025,78,0.47104102672272524,1.372809033297176,4808,461,4347
1443,28/10/22 12:00,25/10/22 00:00,GN84,-0.494025,84,0.5182534616741555,1.5910119458968126,4799,464,4335
1444,28/10/22 18:00,25/10/22 00:00,GN84,-0.494025,90,0.3671877983976412,1.2942822677914476,4813,453,4360
1445,29/10/22 00:00,25/10/22 00:00,GN84,-0.494025,96,0.4267401087929101,1.2827807626456393,4741,461,4280
1446,26/10/22 00:00,26/10/22 00:00,GN84,-0.494025,0,0.12996679943259948,0.9696958030359504,4711,464,4247
1447,26/10/22 06:00,26/10/22 00:00,GN84,-0.494025,6,0.1370859343020327,0.9335092116892358,4636,465,4171
1448,26/10/22 12:00,26/10/22 00:00,GN84,-0.494025,12,0.06949588526416826,0.8964549049576493,4741,457,4284
1449,26/10/22 18:00,26/10/22 00:00,GN84,-0.494025,18,-0.049807787096023584,0.8767823144389553,4799,463,4336
1450,27/10/22 00:00,26/10/22 00:00,GN84,-0.494025,24,0.021090704793264164,0.9178096292188859,4804,460,4344
1451,27/10/22 06:00,26/10/22 00:00,GN84,-0.494025,30,0.09325223380649884,0.8255914922612384,4537,453,4084
1452,27/10/22 12:00,26/10/22 00:00,GN84,-0.494025,36,0.12686979270282436,1.0436635676261106,4813,452,4361
1453,27/10/22 18:00,26/10/22 00:00,GN84,-0.494025,42,0.035312034551462555,0.9454945875139311,4801,465,4336
1454,28/10/22 00:00,26/10/22 00:00,GN84,-0.494025,48,0.18871509719394858,0.9562128276650764,4859,460,4399
1455,28/10/22 06:00,26/10/22 00:00,GN84,-0.494025,54,0.43088941985039836,1.3513920690007037,4808,461,4347
1456,28/10/22 12:00,26/10/22 00:00,GN84,-0.494025,60,0.47740440001122914,1.5783702405863271,4799,464,4335
1457,28/10/22 18:00,26/10/22 00:00,GN84,-0.494025,66,0.3257435651484036,1.2808333554158733,4813,453,4360
1458,29/10/22 00:00,26/10/22 00:00,GN84,-0.494025,72,0.38735471161144275,1.2663804961352207,4741,461,4280
1459,29/10/22 06:00,26/10/22 00:00,GN84,-0.494025,78,0.46694043618909953,1.3677775368361955,4333,457,3876
1460,29/10/22 12:00,26/10/22 00:00,GN84,-0.494025,84,0.4713201522780107,1.4542022688794545,4818,456,4362
1461,29/10/22 18:00,26/10/22 00:00,GN84,-0.494025,90,0.3778720253765287,1.1948440899006298,4748,444,4304
1462,30/10/22 00:00,26/10/22 00:00,GN84,-0.494025,96,0.4380334464963301,1.2038146180516667,4686,459,4227
1463,27/10/22 00:00,27/10/22 00:00,GN84,-0.494025,0,0.03236609017512417,0.9110748139484854,4804,460,4344
1464,27/10/22 06:00,27/10/22 00:00,GN84,-0.494025,6,0.09299876916653553,0.8209128740943845,4537,453,4084
1465,27/10/22 12:00,27/10/22 00:00,GN84,-0.494025,12,0.12714755325272434,1.0500134552195568,4813,452,4361
1466,27/10/22 18:00,27/10/22 00:00,GN84,-0.494025,18,0.0328647909118571,0.9258824486874387,4801,465,4336
1467,28/10/22 00:00,27/10/22 00:00,GN84,-0.494025,24,0.18102208221719635,0.9491257538837944,4859,460,4399
1468,28/10/22 06:00,27/10/22 00:00,GN84,-0.494025,30,0.4217687922924585,1.362958452054834,4808,461,4347
1469,28/10/22 12:00,27/10/22 00:00,GN84,-0.494025,36,0.46056753465009453,1.5983094134349112,4799,464,4335
1470,28/10/22 18:00,27/10/22 00:00,GN84,-0.494025,42,0.31305000437547403,1.292680495442442,4813,453,4360
1471,29/10/22 00:00,27/10/22 00:00,GN84,-0.494025,48,0.36813556459786256,1.2772286016142307,4741,461,4280
1472,29/10/22 06:00,27/10/22 00:00,GN84,-0.494025,54,0.4517201469555143,1.377546005354398,4333,457,3876
1473,29/10/22 12:00,27/10/22 00:00,GN84,-0.494025,60,0.4541480961708019,1.4617812193935436,4818,456,4362
1474,29/10/22 18:00,27/10/22 00:00,GN84,-0.494025,66,0.34935818402680796,1.1935608437613237,4748,444,4304
1475,30/10/22 00:00,27/10/22 00:00,GN84,-0.494025,72,0.4125744298245684,1.2099839357322488,4686,459,4227
1476,30/10/22 06:00,27/10/22 00:00,GN84,-0.494025,78,0.5058180274133831,1.3400714443483335,4427,466,3961
1477,30/10/22 12:00,27/10/22 00:00,GN84,-0.494025,84,0.5095177004091909,1.4126258149834212,4916,470,4446
1478,30/10/22 18:00,27/10/22 00:00,GN84,-0.494025,90,0.28002966268385454,0.9896672310843152,4781,467,4314
1479,31/10/22 00:00,27/10/22 00:00,GN84,-0.494025,96,0.3452445267454246,0.9387688669789762,4684,454,4230
1480,28/10/22 00:00,28/10/22 00:00,GN84,-0.494025,0,0.18000240778969542,0.967085769535521,4859,460,4399
1481,28/10/22 06:00,28/10/22 00:00,GN84,-0.494025,6,0.4137438083106486,1.3810149182079752,4808,461,4347
1482,28/10/22 12:00,28/10/22 00:00,GN84,-0.494025,12,0.44730028525721405,1.6215490706802698,4799,464,4335
1483,28/10/22 18:00,28/10/22 00:00,GN84,-0.494025,18,0.3013693309347375,1.309023958378292,4813,453,4360
1484,29/10/22 00:00,28/10/22 00:00,GN84,-0.494025,24,0.35646732117464386,1.2941879620965924,4741,461,4280
1485,29/10/22 06:00,28/10/22 00:00,GN84,-0.494025,30,0.4349028320918667,1.4039319895490783,4333,457,3876
1486,29/10/22 12:00,28/10/22 00:00,GN84,-0.494025,36,0.4414557783617375,1.4972748352961083,4818,456,4362
1487,29/10/22 18:00,28/10/22 00:00,GN84,-0.494025,42,0.3315952043398672,1.2275047540026496,4748,444,4304
1488,30/10/22 00:00,28/10/22 00:00,GN84,-0.494025,48,0.3874667802516013,1.2266336222483214,4686,459,4227
1489,30/10/22 06:00,28/10/22 00:00,GN84,-0.494025,54,0.4814930295410296,1.3582670413095475,4427,466,3961
1490,30/10/22 12:00,28/10/22 00:00,GN84,-0.494025,60,0.4844016504553491,1.437341027376004,4916,470,4446
1491,30/10/22 18:00,28/10/22 00:00,GN84,-0.494025,66,0.25298336127345405,1.0035949589701971,4781,467,4314
1492,31/10/22 00:00,28/10/22 00:00,GN84,-0.494025,72,0.31322590645128406,0.942505763368697,4684,454,4230
1493,31/10/22 06:00,28/10/22 00:00,GN84,-0.494025,78,0.3498920354975591,0.9895668632025771,4196,460,3736
1494,31/10/22 12:00,28/10/22 00:00,GN84,-0.494025,84,0.30566059109637744,0.9464074765611403,4878,469,4409
1495,31/10/22 18:00,28/10/22 00:00,GN84,-0.494025,90,0.10153000949693072,0.7740980633239328,4981,486,4495
1496,01/11/22 00:00,28/10/22 00:00,GN84,-0.494025,96,0.2020121573539942,0.8150705397897444,4840,472,4368
1497,29/10/22 00:00,29/10/22 00:00,GN84,-0.494025,0,0.373556292599266,1.2786793165327948,4741,461,4280
1498,29/10/22 06:00,29/10/22 00:00,GN84,-0.494025,6,0.44672661615965575,1.3866756123886996,4333,457,3876
1499,29/10/22 12:00,29/10/22 00:00,GN84,-0.494025,12,0.43905346754752317,1.460246848031309,4818,456,4362
1500,29/10/22 18:00,29/10/22 00:00,GN84,-0.494025,18,0.33412839672314076,1.1934233805397174,4748,444,4304
1501,30/10/22 00:00,29/10/22 00:00,GN84,-0.494025,24,0.3836310441551643,1.1715145861377338,4686,459,4227
1502,30/10/22 06:00,29/10/22 00:00,GN84,-0.494025,30,0.48186805600715027,1.3514508735016015,4427,466,3961
1503,30/10/22 12:00,29/10/22 00:00,GN84,-0.494025,36,0.48156352423508036,1.430198730193535,4916,470,4446
1504,30/10/22 18:00,29/10/22 00:00,GN84,-0.494025,42,0.2410031470224462,0.9985489314967146,4781,467,4314
1505,31/10/22 00:00,29/10/22 00:00,GN84,-0.494025,48,0.3088455233881885,0.9434184317827224,4684,454,4230
1506,31/10/22 06:00,29/10/22 00:00,GN84,-0.494025,54,0.34349482160228345,0.9907749170044989,4196,460,3736
1507,31/10/22 12:00,29/10/22 00:00,GN84,-0.494025,60,0.30473739080596124,0.9455263871436637,4878,469,4409
1508,31/10/22 18:00,29/10/22 00:00,GN84,-0.494025,66,0.09837380260243442,0.7775337189132125,4981,486,4495
1509,01/11/22 00:00,29/10/22 00:00,GN84,-0.494025,72,0.20102035413174504,0.8060273171395974,4840,472,4368
1510,01/11/22 06:00,29/10/22 00:00,GN84,-0.494025,78,0.244278251316807,0.8077347760464925,4285,456,3829
1511,01/11/22 12:00,29/10/22 00:00,GN84,-0.494025,84,0.2544539053918339,0.8436533521644242,4992,483,4509
1512,01/11/22 18:00,29/10/22 00:00,GN84,-0.494025,90,0.07645080616230973,0.8393713823259243,4984,485,4499
1513,02/11/22 00:00,29/10/22 00:00,GN84,-0.494025,96,0.2053466773791546,0.7857967839945312,4810,481,4329
1514,30/10/22 00:00,30/10/22 00:00,GN84,-0.494025,0,0.34329702095108167,1.1473755222220026,4686,459,4227
1515,30/10/22 06:00,30/10/22 00:00,GN84,-0.494025,6,0.43649155000919354,1.3328558962801629,4427,466,3961
1516,30/10/22 12:00,30/10/22 00:00,GN84,-0.494025,12,0.4350004545420004,1.4128101333728564,4916,470,4446
1517,30/10/22 18:00,30/10/22 00:00,GN84,-0.494025,18,0.19173908681098245,0.9781354907447004,4781,467,4314
1518,31/10/22 00:00,30/10/22 00:00,GN84,-0.494025,24,0.25789774312076164,0.938339667669579,4684,454,4230
1519,31/10/22 06:00,30/10/22 00:00,GN84,-0.494025,30,0.285261580784068,0.978079746008972,4196,460,3736
1520,31/10/22 12:00,30/10/22 00:00,GN84,-0.494025,36,0.24430781213839298,0.9312895471540537,4878,469,4409
1521,31/10/22 18:00,30/10/22 00:00,GN84,-0.494025,42,0.03734117708099804,0.779216246718672,4981,486,4495
1522,01/11/22 00:00,30/10/22 00:00,GN84,-0.494025,48,0.13844285251411712,0.8286487798631778,4840,472,4368
1523,01/11/22 06:00,30/10/22 00:00,GN84,-0.494025,54,0.18163908573991433,0.8320981996227307,4285,456,3829
1524,01/11/22 12:00,30/10/22 00:00,GN84,-0.494025,60,0.1940970274805905,0.8606032706166566,4992,483,4509
1525,01/11/22 18:00,30/10/22 00:00,GN84,-0.494025,66,0.01982712013650549,0.859666053633209,4984,485,4499
1526,02/11/22 00:00,30/10/22 00:00,GN84,-0.494025,72,0.14971070845699164,0.7849930744518875,4810,481,4329
1527,02/11/22 06:00,30/10/22 00:00,GN84,-0.494025,78,0.24087195105474252,0.8988503526753764,4229,453,3776
1528,02/11/22 12:00,30/10/22 00:00,GN84,-0.494025,84,0.2690984208338986,0.8834124715229953,4989,485,4504
1529,02/11/22 18:00,30/10/22 00:00,GN84,-0.494025,90,0.14979455963359947,0.8967125143258646,4995,484,4511
1530,03/11/22 00:00,30/10/22 00:00,GN84,-0.494025,96,0.23229079522560395,0.8509135245135628,4751,469,4282
1531,31/10/22 00:00,31/10/22 00:00,GN84,-0.494025,0,0.22686495295650907,0.9319363708807947,4684,454,4230
1532,31/10/22 06:00,31/10/22 00:00,GN84,-0.494025,6,0.24204539167427766,0.9700678299116655,4196,460,3736
1533,31/10/22 12:00,31/10/22 00:00,GN84,-0.494025,12,0.19364894707745603,0.9118618695982361,4878,469,4409
1534,31/10/22 18:00,31/10/22 00:00,GN84,-0.494025,18,-0.013749845419397139,0.7926051841306254,4981,486,4495
1535,01/11/22 00:00,31/10/22 00:00,GN84,-0.494025,24,0.08781321682732258,0.8381480612688026,4840,472,4368
1536,01/11/22 06:00,31/10/22 00:00,GN84,-0.494025,30,0.12177529503412914,0.8476954521601359,4285,456,3829
1537,01/11/22 12:00,31/10/22 00:00,GN84,-0.494025,36,0.13278916059489185,0.8680136420608744,4992,483,4509
1538,01/11/22 18:00,31/10/22 00:00,GN84,-0.494025,42,-0.04331472662784217,0.8814724352445106,4984,485,4499
1539,02/11/22 00:00,31/10/22 00:00,GN84,-0.494025,48,0.09093953295841399,0.8053972662734197,4810,481,4329
1540,02/11/22 06:00,31/10/22 00:00,GN84,-0.494025,54,0.17740174123691194,0.9137469443168104,4229,453,3776
1541,02/11/22 12:00,31/10/22 00:00,GN84,-0.494025,60,0.20940263003165957,0.8902817551972991,4989,485,4504
1542,02/11/22 18:00,31/10/22 00:00,GN84,-0.494025,66,0.08972420246117829,0.9142929383336976,4995,484,4511
1543,03/11/22 00:00,31/10/22 00:00,GN84,-0.494025,72,0.16952048418203475,0.8569319975081519,4751,469,4282
1544,03/11/22 06:00,31/10/22 00:00,GN84,-0.494025,78,0.29560367123523634,0.9968494412375342,4223,449,3774
1545,03/11/22 12:00,31/10/22 00:00,GN84,-0.494025,84,0.35713154361070715,1.0530397957080218,4896,471,4425
1546,03/11/22 18:00,31/10/22 00:00,GN84,-0.494025,90,0.20290426297913441,0.8782758911822435,4917,471,4446
1547,04/11/22 00:00,31/10/22 00:00,GN84,-0.494025,96,0.25951726786199725,0.8722276480655097,4840,473,4367
1548,01/11/22 00:00,01/11/22 00:00,GN84,-0.494025,0,0.0675875731976725,0.8276693734243317,4840,472,4368
1549,01/11/22 06:00,01/11/22 00:00,GN84,-0.494025,6,0.09713463882735561,0.8298995523162785,4285,456,3829
1550,01/11/22 12:00,01/11/22 00:00,GN84,-0.494025,12,0.10341007478086128,0.8410291123405096,4992,483,4509
1551,01/11/22 18:00,01/11/22 00:00,GN84,-0.494025,18,-0.06653314688059445,0.8614893376747752,4984,485,4499
1552,02/11/22 00:00,01/11/22 00:00,GN84,-0.494025,24,0.06617349575561489,0.8021396649440292,4810,481,4329
1553,02/11/22 06:00,01/11/22 00:00,GN84,-0.494025,30,0.1473715070647309,0.9014116960490698,4229,453,3776
1554,02/11/22 12:00,01/11/22 00:00,GN84,-0.494025,36,0.1790153485299022,0.8862924442158897,4989,485,4504
1555,02/11/22 18:00,01/11/22 00:00,GN84,-0.494025,42,0.06222924951870726,0.8989584709977602,4995,484,4511
1556,03/11/22 00:00,01/11/22 00:00,GN84,-0.494025,48,0.13931156060047484,0.8460269781793073,4751,469,4282
1557,03/11/22 06:00,01/11/22 00:00,GN84,-0.494025,54,0.26570436900160105,0.9861541364636283,4223,449,3774
1558,03/11/22 12:00,01/11/22 00:00,GN84,-0.494025,60,0.3269778046808759,1.0440147803276374,4896,471,4425
1559,03/11/22 18:00,01/11/22 00:00,GN84,-0.494025,66,0.17398829918281694,0.8649831792727304,4917,471,4446
1560,04/11/22 00:00,01/11/22 00:00,GN84,-0.494025,72,0.23188003653671002,0.8605022429236422,4840,473,4367
1561,04/11/22 06:00,01/11/22 00:00,GN84,-0.494025,78,0.3045647470050016,0.9617787335015937,4200,452,3748
1562,04/11/22 12:00,01/11/22 00:00,GN84,-0.494025,84,0.3015800589666456,1.0074054189838197,4848,469,4379
1563,04/11/22 18:00,01/11/22 00:00,GN84,-0.494025,90,0.08523665370197693,0.9050636045895063,4840,473,4367
1564,05/11/22 00:00,01/11/22 00:00,GN84,-0.494025,96,0.14769121159580753,0.971151717893756,4827,472,4355
1565,02/11/22 00:00,02/11/22 00:00,GN84,-0.494025,0,0.07520595694953744,0.7996727312508338,4810,481,4329
1566,02/11/22 06:00,02/11/22 00:00,GN84,-0.494025,6,0.14952027223871284,0.8952874493120613,4229,453,3776
1567,02/11/22 12:00,02/11/22 00:00,GN84,-0.494025,12,0.1733767076022638,0.8905954262724007,4989,485,4504
1568,02/11/22 18:00,02/11/22 00:00,GN84,-0.494025,18,0.0596306871200312,0.8747110689750175,4995,484,4511
1569,03/11/22 00:00,02/11/22 00:00,GN84,-0.494025,24,0.13258318956840634,0.8407270158332988,4751,469,4282
1570,03/11/22 06:00,02/11/22 00:00,GN84,-0.494025,30,0.25505442448511373,0.9754431189814832,4223,449,3774
1571,03/11/22 12:00,02/11/22 00:00,GN84,-0.494025,36,0.31082586698443154,1.0495818343666214,4896,471,4425
1572,03/11/22 18:00,02/11/22 00:00,GN84,-0.494025,42,0.1613822192624381,0.8661393634372282,4917,471,4446
1573,04/11/22 00:00,02/11/22 00:00,GN84,-0.494025,48,0.21730709961527994,0.849484912009075,4840,473,4367
1574,04/11/22 06:00,02/11/22 00:00,GN84,-0.494025,54,0.28971009764102584,0.9471936550741906,4200,452,3748
1575,04/11/22 12:00,02/11/22 00:00,GN84,-0.494025,60,0.2816428945754841,0.9935488709945264,4848,469,4379
1576,04/11/22 18:00,02/11/22 00:00,GN84,-0.494025,66,0.06460358321648758,0.8797242196144849,4840,473,4367
1577,05/11/22 00:00,02/11/22 00:00,GN84,-0.494025,72,0.1279050633647604,0.9450717444981999,4827,472,4355
1578,05/11/22 06:00,02/11/22 00:00,GN84,-0.494025,78,0.12844707779520767,0.9990001735212959,4203,459,3744
1579,05/11/22 12:00,02/11/22 00:00,GN84,-0.494025,84,0.12576192745126788,0.9985215920303296,4792,466,4326
1580,05/11/22 18:00,02/11/22 00:00,GN84,-0.494025,90,-0.019882270588292842,1.087775430911565,4820,469,4351
1581,06/11/22 00:00,02/11/22 00:00,GN84,-0.494025,96,0.08374599795487385,0.9911526236442867,4715,469,4246
1582,03/11/22 00:00,03/11/22 00:00,GN84,-0.494025,0,0.13813404985768804,0.8472229597422476,4751,469,4282
1583,03/11/22 06:00,03/11/22 00:00,GN84,-0.494025,6,0.2472798120234021,0.9796076073904123,4223,449,3774
1584,03/11/22 12:00,03/11/22 00:00,GN84,-0.494025,12,0.29622352322024675,1.061291080028264,4896,471,4425
1585,03/11/22 18:00,03/11/22 00:00,GN84,-0.494025,18,0.14498671404531888,0.8566253749632853,4917,471,4446
1586,04/11/22 00:00,03/11/22 00:00,GN84,-0.494025,24,0.20085459694356694,0.8442391782085431,4840,473,4367
1587,04/11/22 06:00,03/11/22 00:00,GN84,-0.494025,30,0.272756889837092,0.9384957264935855,4200,452,3748
1588,04/11/22 12:00,03/11/22 00:00,GN84,-0.494025,36,0.2603160162257098,0.9861890308281198,4848,469,4379
1589,04/11/22 18:00,03/11/22 00:00,GN84,-0.494025,42,0.039868698439597706,0.8462911618485299,4840,473,4367
1590,05/11/22 00:00,03/11/22 00:00,GN84,-0.494025,48,0.1048778014967989,0.9219348804175274,4827,472,4355
1591,05/11/22 06:00,03/11/22 00:00,GN84,-0.494025,54,0.10558446565952534,0.9750168429779587,4203,459,3744
1592,05/11/22 12:00,03/11/22 00:00,GN84,-0.494025,60,0.10099465136055538,0.9768679734359922,4792,466,4326
1593,05/11/22 18:00,03/11/22 00:00,GN84,-0.494025,66,-0.04149454600650918,1.047503983948817,4820,469,4351
1594,06/11/22 00:00,03/11/22 00:00,GN84,-0.494025,72,0.05945378081111856,0.9501973368109753,4715,469,4246
1595,06/11/22 06:00,03/11/22 00:00,GN84,-0.494025,78,0.14091938234240045,0.9908009056066697,4125,457,3668
1596,06/11/22 12:00,03/11/22 00:00,GN84,-0.494025,84,0.11459481336450042,0.9598928996168049,4581,467,4114
1597,04/11/22 00:00,04/11/22 00:00,GN84,-0.494025,0,0.17673017553767287,0.8426572936015874,4840,473,4367
1598,04/11/22 06:00,04/11/22 00:00,GN84,-0.494025,6,0.24367729271871358,0.9383755846105638,4200,452,3748
1599,04/11/22 12:00,04/11/22 00:00,GN84,-0.494025,12,0.22650448398345518,0.9904925772861093,4848,469,4379
1600,04/11/22 18:00,04/11/22 00:00,GN84,-0.494025,18,0.0011139910542063952,0.8417429525315113,4840,473,4367
1601,05/11/22 00:00,04/11/22 00:00,GN84,-0.494025,24,0.05864390818568155,0.9058910470341892,4827,472,4355
1602,05/11/22 06:00,04/11/22 00:00,GN84,-0.494025,30,0.06017501764333077,0.95979232712117,4203,459,3744
1603,05/11/22 12:00,04/11/22 00:00,GN84,-0.494025,36,0.055408375608649134,0.9606327366186888,4792,466,4326
1604,05/11/22 18:00,04/11/22 00:00,GN84,-0.494025,42,-0.0839686159298407,1.0328159178592662,4820,469,4351
1605,06/11/22 00:00,04/11/22 00:00,GN84,-0.494025,48,0.013020729823123961,0.9365370213083565,4715,469,4246
1606,06/11/22 06:00,04/11/22 00:00,GN84,-0.494025,54,0.09122140543171005,0.9739840497402644,4125,457,3668
1607,06/11/22 12:00,04/11/22 00:00,GN84,-0.494025,60,0.06478558378630425,0.9408796196576739,4581,467,4114
1608,05/11/22 00:00,05/11/22 00:00,GN84,-0.494025,0,0.045944329698315925,0.8788567503532796,4827,472,4355
1609,05/11/22 06:00,05/11/22 00:00,GN84,-0.494025,6,0.041236512462701685,0.9248061556635265,4203,459,3744
1610,05/11/22 12:00,05/11/22 00:00,GN84,-0.494025,12,0.04257234719689552,0.9272195533748078,4792,466,4326
1611,05/11/22 18:00,05/11/22 00:00,GN84,-0.494025,18,-0.10263629169327716,0.9969910224109344,4820,469,4351
1612,06/11/22 00:00,05/11/22 00:00,GN84,-0.494025,24,-0.013252901615329377,0.9005006420982176,4715,469,4246
1613,06/11/22 06:00,05/11/22 00:00,GN84,-0.494025,30,0.0641857448138843,0.9383692790834048,4125,457,3668
1614,06/11/22 12:00,05/11/22 00:00,GN84,-0.494025,36,0.04160375933603883,0.9095251292055754,4581,467,4114
1615,06/11/22 00:00,06/11/22 00:00,GN84,-0.494025,0,-0.033878721955316445,0.8695437005271709,4715,469,4246
1616,06/11/22 06:00,06/11/22 00:00,GN84,-0.494025,6,0.0356482121577135,0.912680225766268,4125,457,3668
1617,06/11/22 12:00,06/11/22 00:00,GN84,-0.494025,12,0.005296700549448038,0.8889381086733863,4581,467,4114
